-373.38755711615744
-373.41414218439814
-373.3959901792556
-373.3769688574084
-373.3402500757138
-373.3631393601624
-373.315604688883
-373.3196713608054
-373.35992874171325
-373.39406348534266
-373.3869629982155
-373.3101622751232
-373.31380090390013
-373.2457469002463
-373.30212108093826
-373.35708853805204
-373.39648697827306
-373.3066118591965
-373.21748486814874
-373.2193908584583
-373.2410783094399
-373.26488938390725
-373.26667696283414
-373.31175535199907
-373.2804491450829
-373.2281764516787
-373.25293267664745
-373.0991345632862
-373.2339052371337
-373.31162463148246
-373.34774582474404
-373.17960781040586
-372.9882275493378
-373.1500101418461
-373.09326342460565
-373.259135724588
-373.28422538698953
-373.22903589897106
-373.0307560325025
-372.9252720548108
-373.2463748187107
-373.2685976948673
-373.15049318333286
-373.01172582458224
-372.8684590600467
-373.1496092720159
-373.1244186379023
-373.2218928027459
-373.0279661280419
-373.15061202391604
-373.163875526003
-373.16068415824355
-373.033610981588
-373.1178825070066
-373.08838279314847
-373.0833315098216
-373.20650972281135
-373.22304898587544
-373.1717037548986
-373.11875862854413
-373.2190113026825
-373.3675738059427
-373.25493154809465
-373.24965093350716
-373.1514247027398
-373.26975790931556
-373.31799294842426
-373.24813427649093
-373.2458907828968
-373.1580998864128
-373.3290188583611
-373.27796000855915
-373.2632143673498
-373.2687541166376
-373.3276243827733
-373.30356924007975
-373.21002602393065
-373.30691184092694
-373.26731972897903
-373.1924236242709
-373.2163951380991
-373.22363662939597
-373.30069005410576
-373.1568947811358
-373.17025907362375
-373.1650656003821
-373.26221516536685
-373.12340948798214
-373.10680970398437
-373.04648874362726
-373.12527276388374
-373.19503210994395
-372.8841504614879
-372.9507946916866
-372.9949745040557
-373.2023391374583
-373.1829889685291
-373.0713637036197
-373.1141867608219
-373.09020674955457
-373.1505799516557
-373.21616531239727
-373.1755263952953
-373.0788610517801
-372.9074100952146
-373.1167982647958
-373.12455570226433
-373.2568466984341
-373.2293968772108
-373.0668185973807
-373.1577500017872
-373.2503202635713
-373.27717094977896
-373.1906420676877
-373.16439607897695
-373.2290404942134
-373.10693428322395
-373.1512993871223
-373.22709658985104
-373.26940270716875
-373.24696301720877
-373.2503244483786
-373.28755303485895
-373.1574148823365
-373.1545092100488
-373.2204442597579
-373.3123299798485
-373.27178140033436
-373.21491471774357
-373.0813539469623
-373.0692178326068
-373.19425737186975
-373.3179288665868
-373.2588323517961
-373.139877169468
-373.1119839712384
-373.20205739528814
-373.05657437238244
-373.2881217195141
-373.0580964457802
-373.07206688066105
-372.69551132585445
-372.9973995570437
-373.0785099269422
-372.92335835692427
-373.16659557426783
-373.0084893748088
-373.0685520322747
-373.17030505938595
-372.8613115797151
-373.0824555725413
-373.1450007997091
-373.17519285146494
-372.9933567884078
-373.0018712065646
-373.242122981794
-373.09193082002304
-373.24567096742015
-373.19447221367534
-373.2727382128302
-373.02361906119245
-373.1873600140633
-373.24218827557894
-373.2433784396011
-373.15345790292383
-373.1651113862747
-373.224737321004
-373.22992175526696
-373.3055441230594
-373.1582761711039
-373.12895479293786
-373.2291593859793
-373.34346274983676
-373.29623334659055
-373.0710447964305
-373.163747063992
-373.143901850995
-373.05887388642236
-373.19602411388314
-373.17889595890955
-373.24351049050546
-372.9791580155963
-373.28625722899693
-373.21249901807363
-373.20998409445986
-373.16345335380055
-373.11261743602256
-373.1167165555399
-373.09391265116625
-373.0861523878393
-373.1178527652705
-373.0621230554176
-373.2196463449243
-373.1069855274273
-372.96428877685423
-373.1377771706739
-373.26365098846304
-373.13101176892445
-373.0275966410344
-373.1364896840182
-373.0541418305826
-372.9722482975959
-373.13752720329944
-373.29587206785493
-373.2126867994778
-373.1291200804814
-373.0670783133481
-373.1975899293571
-373.2978820651476
-373.2833956608584
-373.16913767698077
-373.1280776215654
-373.2028752997931
-373.30984852478286
-373.18106201134225
-373.291814860971
-373.27960081565385
-373.3134750724115
-373.19552632838435
-373.31134737066844
-373.3398334945212
-373.278358864522
-373.2870691636916
-373.34517844010253
-373.26268839236207
-373.20816138028215
-373.13378433321975
-373.27429983713046
-373.26755332962335
-373.3552426262525
-373.27395709376805
-373.1100022338223
-373.12766126773914
-373.22725141253056
-373.30826841444065
-373.1458644721308
-373.1426997838845
-373.18866202591187
-373.05458266547805
-372.9990051593366
-373.19893998644176
-373.23694904286907
-373.1255194727152
-373.0092688094047
-373.17904416330646
-373.0842407542264
-373.1642395820007
-373.16836764747234
-373.1200507576518
-372.9513293366002
-373.01275465438675
-372.9075919649497
-373.1412295060641
-373.31928389749135
-373.2514469502956
-373.1093822331556
-372.98873421140524
-373.26369231597414
-373.21388315354034
-373.23113823068974
-373.25194495321256
-373.19704136565235
-373.02855112494166
-373.0390292385536
-373.2384106288209
-373.29281551570733
-373.1452951672808
-373.2593992492929
-373.1200424638115
-373.245752293017
-373.22943890076436
-373.2904647320641
-373.154510424758
-373.24598680894303
-373.26646225874487
-373.22833323550566
-373.1267031682286
-373.322649013897
-373.3873948719495
-373.27284237730566
-373.1816584744148
-373.22152257841753
-373.1732473735811
-373.14098786024306
-373.3255972118673
-373.3275643817445
-373.0930077536993
-372.96447112695927
-373.0279247727564
-373.0606123767818
-373.25496289145343
-373.04732882667207
-373.1917666393419
-372.8940344267745
-373.19345972330365
-373.12983537812136
-372.95869100654414
-373.06175213946756
-372.923386911495
-372.9134536116571
-372.9968945038701
-373.0473681608901
-373.09029622950965
-372.9644477436317
-373.1605330854482
-373.1485608100188
-373.0318322878353
-373.156013962077
-373.08367043145205
-373.30505354859156
-373.2014087160044
-373.18584926539006
-373.10554421101097
-373.0612512584273
-373.2923173180284
-373.2674941893813
-373.2789224365275
-373.1800967343809
-373.1730922257231
-373.10970860941893
-373.0972258669164
-373.2079323219343
-373.1982205157728
-373.18127401655295
-373.17335157559666
-373.27544368594056
-373.17219573671156
-373.1090926572908
-373.1769323304517
-373.2101815461896
-373.3180186338835
-373.1841071382925
-373.19977989287656
-373.0353052629384
-373.13084529274073
-373.2783888496103
-373.15585777987496
-373.22050697723415
-373.1231594443877
-373.22233570101
-373.0694972544125
-373.20468044753983
-373.24749524344764
-373.03390415809173
-373.1125002708536
-373.0306022012434
-373.2183234110063
-373.1089063111338
-373.1759105142462
-373.1726113347843
-373.0380617257154
-372.96833731682943
-373.08560923266907
-373.0789667973267
-373.22646112186504
-373.0880738228816
-373.01352594443813
-372.78210671241476
-372.91471308012535
-373.02616982879687
-373.1764326790428
-373.17971934868075
-373.3003683082381
-373.04916004447927
-373.0115422822783
-373.1930268138058
-373.23948754463987
-373.2804208927711
-373.11645382553627
-373.2563443549155
-373.18978082461285
-373.2208044310587
-373.22940954600386
-373.23137087718993
-373.2177742059253
-373.2236093459267
-373.2371081739249
-373.24785285183145
-373.21438248752565
-373.2996505588297
-373.23921377029785
-373.1627429329431
-373.2145871454721
-373.27955614627376
-373.287585479281
-373.2768862079505
-373.2903992547451
-373.25891000325174
-373.183760152497
-373.2014452569104
-373.2326089105543
-373.23426300809
-373.1656664328071
-373.12728394604153
-373.1571494127395
-373.12832897811194
-373.18794082259683
-373.0452087038111
-373.19099071804015
-373.18594375935714
-373.29812284404
-372.97276807804104
-373.0407460713809
-373.0438357101929
-373.1413571956116
-373.06269639056836
-373.18590819019033
-373.26026385373643
-373.0418583663101
-373.1834849636831
-373.12032199904894
-373.0856269528686
-373.1438270323013
-372.9582090359035
-373.11948346759294
-373.11408013128624
-373.22643635163644
-373.24392757595336
-373.07844572432134
-373.19680170390626
-373.062834622758
-373.2537608389745
-373.0658658276732
-373.33159961525087
-373.3087493720639
-373.24644956408497
-373.1883101971223
-373.1444237100388
-373.17552835734784
-373.0960403070652
-373.2821234704458
-373.2853022208977
-373.2137686724614
-373.1014864939729
-373.1219604445199
-373.2317658877755
-373.20964801190297
-373.28805065669025
-373.0430414201682
-373.0658810705897
-373.134788458465
-373.1992134239079
-373.30633637967986
-373.1121691374381
-373.29791807336034
-373.13933969308505
-373.14368789461497
-373.15706468744594
-373.2480627115862
-373.1558152740684
-373.0410439239687
-373.2104003243284
-373.1034596539698
-373.10280930969776
-373.1190030642134
-373.184713236235
-373.25745423606145
-373.12664413505786
-373.0516489511906
-373.06508820311313
-373.1514553151346
-373.24897568618337
-373.2656094187341
-373.10105581231534
-373.1349530623725
-373.07525636121255
-373.03794636834886
-373.1160563810811
-373.1677101944947
-373.2343854986818
-373.0166344786341
-373.1174813038812
-373.21011452121786
-373.13480391647494
-373.03276421661093
-373.1284635790163
-373.1518294235572
-373.1907499787267
-373.14467002350864
-373.2402754720711
-373.1701581563314
-373.2909057835374
-373.2493088052671
-373.13875228291926
-373.08996482218515
-373.2257349961724
-373.2016074373648
-373.25840621889864
-373.2059971704908
-373.30375264499577
-373.1200734559842
-373.19020281989634
-373.2571660040655
-373.2705127435293
-373.25082332916566
-373.1967887547044
-373.33467803457626
-373.25293883084174
-373.28363880026944
-373.2319791988092
-373.22793324336595
-373.29505785900045
-373.31722128940874
-373.2615514439476
-373.1351427922899
-373.21158860095244
-373.3385350737204
-373.3150669084225
-373.2057156430367
-373.090357194036
-373.18961824491566
-372.97361823324803
-373.16894932761784
-373.16178809365624
-373.1487490333147
-372.8622675034909
-373.05292402670835
-373.1079376111295
-373.1379366834141
-373.3306121846698
-372.8819884909963
-373.15395528646724
-373.15021724729564
-373.10252807167865
-373.0233883415057
-373.08430792151836
-373.1699860393577
-373.0499763496385
-372.94134088285364
-373.15358823558836
-373.11136509726293
-373.07561077975225
-373.0801016852332
-373.2952939406936
-373.11092271463116
-373.14592437623895
-373.22459511473346
-373.30087170674165
-373.2616143233558
-373.25374471281253
-373.14401985303374
-373.16835902772476
-373.3429255841428
-373.2684173385237
-373.29656109089126
-373.0986598350344
-373.25003561122645
-373.12729726858277
-373.0829480966549
-373.166463427519
-373.20722536752237
-373.0912731075146
-373.06359019767706
-373.2375546322444
-373.31224307334054
-373.08100211138884
-373.2118136788048
-373.14735251083255
-373.23711493645806
-373.1613102295031
-373.2005667838892
-373.21879421984346
-373.31680004495865
-373.3382394146484
-373.18614006057993
-373.02354599241943
-373.17594990874096
-373.33401802887835
-373.14221087203833
-373.19748372324034
-373.09000816439953
-373.12466168059865
-372.93844174126184
-373.12661288874415
-373.2348573577345
-373.06875354806436
-372.9770134939838
-373.18589580110796
-373.24013017630983
-373.203961941493
-372.9719789009329
-373.1648897195103
-373.1103374433068
-373.21268287340513
-373.1294306540723
-372.884642546222
-373.17022687341597
-373.2473304825576
-372.97239998587554
-372.93122921072745
-373.1095126107527
-373.08263828565714
-373.0791814408296
-373.1688464400938
-373.28945456180753
-372.9727188187643
-373.24306666289715
-373.21721069743967
-373.35303960586117
-373.24396619527903
-373.18440556993045
-373.16621764371223
-373.20267747827313
-373.32845240146725
-373.3177773954172
-373.17897861753175
-373.22445969965764
-373.2225718955752
-373.20075128956654
-373.15878056475947
-373.32645293190404
-373.3006971568455
-373.22258962110396
-373.19115504800067
-373.25863704186804
-373.2488911713016
-373.19344765654637
-373.2988656472272
-373.2167284807085
-373.2051327842529
-373.0804724905132
-373.2338776365457
-373.1718706004072
-373.2265917425746
-373.29672601773706
-373.04061548886733
-372.9998475639081
-373.1428890342202
-373.1924803125611
-373.04947661442293
-372.98727246665675
-373.24343533135027
-372.92409533686254
-373.00720921396976
-373.0830112930648
-373.1453910120821
-373.03195599459946
-373.04470462036073
-373.17293434171796
-373.08575603405404
-373.01748993491384
-373.0569569869108
-373.03147769710904
-373.1394945646501
-373.2069462803724
-372.9680452510566
-373.14868345545915
-373.1721405813098
-373.24062283558544
-373.09603655852834
-373.2323260481616
-373.25334464828484
-373.1110480051603
-373.08156204007634
-373.2146115740029
-373.17170263443955
-373.1879824648563
-373.0935815146511
-373.31105905023065
-373.11300106233523
-373.1703601565412
-373.25452887862366
-373.2635781018893
-373.2042103216393
-373.2199802950304
-373.16873438868475
-373.1201384011619
-373.23449949263545
-373.3124896889327
-373.3160414909868
-373.0607752142456
-373.2837348613479
-373.1348970874661
-373.15685357577036
-373.2196676330538
-373.3185188807154
-373.1588404017494
-373.0174685402199
-373.1274732167608
-373.17906456641856
-373.06484594834455
-373.13272399351627
-373.03201975214
-373.2429337753503
-373.12973011337704
-373.1855832032305
-373.02906762345333
-373.15714035685164
-373.3042196725085
-373.1744331147733
-373.05446662724967
-373.0076897647298
-373.1159908477417
-372.93993335108627
-373.10921719095154
-373.18000410823686
-373.0726738199846
-372.82335458395494
-373.13292257980515
-373.1606038624883
-373.06796828517327
-373.01525828665297
-372.8938843650152
-373.05438727933796
-373.3189019578985
-373.18945727387563
-373.20148660125176
-373.0120221428054
-373.200557493671
-373.13622153345364
-373.18011207655235
-373.30573768991775
-373.21814082226035
-373.18430256372443
-373.1195061469005
-373.23498074632374
-373.2404218688624
-373.18540468361437
-373.26618086216723
-373.3216277258762
-373.2473954328524
-373.23835451374777
-373.1974537519099
-373.29850433559767
-373.2929310282719
-373.34110879682027
-373.19379071557915
-373.1198284913178
-373.15701221613904
-373.3356327117399
-373.20087999937067
-373.3237780724432
-373.2034341483822
-373.26687385470404
-373.0685153702989
-373.23655343760646
-373.28855089366226
-373.21969690811835
-373.0803199519831
-373.12200977113065
-373.1595991901242
-373.14274797106174
-372.966864038377
-373.16166708268
-373.1166662439817
-373.31874296189244
-373.1860202922781
-372.8900482086176
-373.0398266233854
-373.1397596959021
-373.0177507662846
-373.02682188817573
-373.08948374343043
-373.1823283227147
-373.12779528184194
-373.124265373568
-373.3318886306417
-373.0181092319713
-373.15869315417257
-373.07583891293933
-373.2550293629679
-373.18023774152726
-373.091716030604
-373.09272154707105
-373.09038890624083
-373.20397844096414
-373.23806618204355
-373.10481364449356
-373.17674647184816
-373.2809158921235
-373.25209411020444
-373.11601039742067
-373.2062804498234
-373.1925490343266
-373.1130791433215
-373.12032026245504
-373.2153895082338
-373.24578951354783
-373.0969141454513
-373.15721567507507
-373.1517254331154
-373.3226562167738
-373.08103996139204
-373.2297457070898
-373.09839777133504
-373.20984439942805
-373.1768237241386
-373.08647506290913
-373.0851337776529
-373.1149544825174
-373.2433505022153
-373.2196581265152
-373.11197166438143
-373.28127460929295
-373.1664518716819
-373.2492803340767
-373.15407332733963
-373.236455019487
-373.06489633343114
-372.97132275938793
-373.19250770451475
-373.2293945227611
-373.2783932856336
-373.0877365540857
-373.12317696643635
-373.1934233103267
-373.38390312084704
-373.1327030400876
-373.14175389198306
-373.0347268055674
-373.1842256512974
-373.2339785709363
-373.13330076168324
-373.2545277082897
-373.28519540064144
-373.1708311627279
-373.1601585220175
-373.1618469519511
-373.2606786620115
-373.1448305370773
-373.2605447874922
-373.24804461468995
-373.20759832693847
-373.133000841041
-373.1771323461993
-373.29830854184684
-373.2896799943828
-373.3167203737442
-373.20309925752514
-373.14686449641385
-373.2207813498221
-373.34438139222965
-373.33138718910266
-373.2866958416087
-373.2300787137867
-373.24246933685055
-373.15854067747347
-373.1741319671947
-373.2559436279524
-373.2296646091067
-373.2126988185974
-373.2406233287551
-373.2318220030309
-373.2324771293131
-373.0575937786384
-373.20761410171156
-373.11220932089464
-373.13802841260775
-373.04281231828026
-372.968435396763
-373.0544624647274
-373.222411017123
-373.17561772537135
-373.09072288587316
-373.00760715861077
-373.12442539163317
-373.0107001017121
-373.03922790017424
-373.19713202131214
-373.11480446329216
-373.05748529462045
-373.01433938732447
-373.27993858324834
-373.1612230763789
-373.10361244889276
-373.1810490182408
-373.2343007745678
-373.1549416303006
-373.31892400510134
-373.10245983901257
-373.1536588093662
-373.16652011310055
-373.2449874055811
-373.1343234255145
-373.08389660083964
-373.30085211801514
-373.3198552674518
-373.2016507731867
-373.22364576815335
-373.29509898783965
-373.1816114848069
-373.12220389547684
-373.2797848680319
-373.2697540312974
-373.1489478917996
-373.20383545094097
-373.22488160718467
-373.29334890401077
-373.1893887508412
-373.1968659184338
-373.16141898793245
-373.21837966014067
-373.17713790975773
-373.2791007609175
-373.00537991738827
-373.19535817960076
-373.1664110852523
-373.1862854280707
-373.0915445505364
-373.16729913642985
-373.1681864381676
-373.1086492448066
-373.2319178709071
-373.3451299008696
-373.13636355241346
-373.16131180123904
-373.084019267202
-373.2902011823871
-373.19801564671576
-373.1474179197541
-373.1170651690797
-373.0325227255775
-373.19892487264843
-373.17075262402244
-373.2030779875293
-373.10938634876214
-373.27247840972046
-373.112179588857
-373.0814669799391
-373.1011857413232
-373.27117443521746
-373.0731373170047
-373.1693970358872
-373.2936445702396
-373.2767763228032
-373.1029018528432
-373.165786712225
-373.2338473262008
-373.29495536510274
-373.22568797066884
-373.32321702427447
-373.1496764257337
-373.22395173640615
-373.2686263112626
-373.2591694729414
-373.2150510537722
-373.2427215896332
-373.3716397852428
-373.2225172818909
-373.22012007311054
-373.3048900191384
-373.3672184350877
-373.21919719463926
-373.2723743993417
-373.2869183066768
-373.22141395077017
-373.1001814284128
-373.27932917509753
-373.27682595977586
-373.27267144210526
-373.1762984089712
-373.1732732192896
-373.0899317906554
-373.29616407629305
-373.2026539033112
-373.24042114163973
-372.9543260707096
-373.18255338533567
-373.06744293967193
-372.9868808530667
-373.07009139694026
-373.2466128744634
-373.076840965983
-372.93796176194314
-373.19983522332814
-373.29039683479704
-372.96953580202046
-373.1208890685549
-373.09003221170155
-373.07750588445043
-373.0708046104375
-372.99317269908073
-373.1333198169838
-373.0964090446859
-373.34331326335393
-373.15137024200607
-373.00353185812946
-373.1228219731614
-373.3725225166729
-373.10686417298086
-373.2419410873172
-373.166404827504
-373.1851626420581
-373.01307071875345
-373.2495181326162
-373.33489148546425
-373.2133820786731
-373.13484213952336
-373.2095482224641
-373.208001706508
-373.25702183595337
-373.2283598396568
-373.30287132741296
-373.20647981170725
-373.30248003649854
-373.2473506987941
-373.0798511347769
-373.2000918538819
-373.2486070548439
-373.3454325859152
