-373.38751913495736
-373.32783698782174
-373.1852590532235
-373.1243738904141
-372.9769829844056
-372.78361453634074
-372.8176905509283
-372.29770523385247
-372.35289936068494
-373.13391975140263
-373.0664656793046
-372.9037276798818
-372.48600451344066
-372.09717653351464
-372.92698721689027
-373.2643118458338
-373.2096910218481
-372.76160308930525
-371.96024687636617
-372.56020228879845
-373.08404475823517
-372.9570940552989
-372.34126062472933
-372.3673314696271
-372.8028440184725
-372.8397710752792
-372.7019960441089
-372.3237042132098
-372.57503171870184
-372.91508781527324
-372.8982397341263
-372.59089122640387
-372.20652035291255
-372.70463449331066
-372.99759254256395
-372.7612877153826
-372.69404893717444
-372.51014880801944
-372.53921914147685
-372.6827031799208
-372.76622799284735
-372.8389893928209
-372.65305974711424
-372.45032947788616
-372.57944332564153
-372.81214810564086
-372.99701489664716
-372.7322275639032
-372.34375493633763
-372.5786743656045
-372.8892626417162
-372.8774997594711
-372.5579941867714
-372.48934082337945
-372.7444158673293
-372.7869517033052
-372.61043858613624
-372.42357985207343
-372.7091807701402
-372.91937103995525
-372.8200709440224
-372.3377145141701
-372.36482683125257
-372.94309518412706
-373.0932046533807
-372.78717367635113
-372.3082085607371
-372.43976145247433
-372.874983928486
-372.89799747505396
-372.5622182656692
-372.32043435285874
-372.742774145778
-373.00732855182827
-372.7164453560873
-372.06110791768674
-372.64588610166743
-373.1341976504382
-373.09924411988055
-372.76037339468087
-372.2246210431993
-372.3566241227607
-372.8387239602077
-373.06859612602784
-372.8585607459777
-373.1102406191571
-373.3028343634357
-373.3350673048973
-373.28511976595337
-373.1459682027755
-372.7491102408659
-372.637765063957
-372.2570655574154
-372.6864944618773
-372.62545948103093
-372.7764803927547
-372.8786181600055
-372.5435774836404
-372.75343293671483
-372.5300626046716
-372.8248574364214
-372.8112345855675
-372.49472612194836
-372.8632048074856
-372.5422738979764
-372.87419159488815
-372.7401168383841
-372.63338434796884
-372.84501189707834
-372.41588759627865
-372.8072117272189
-372.5832931891719
-372.7624560585655
-372.79302601961973
-372.56030151347727
-372.71772777252653
-372.638419688375
-372.828611123552
-372.6863337476807
-372.54820432597336
-372.7829525313396
-372.7330299402376
-372.91095043034346
-372.60687505287643
-372.5406409029923
-372.7932555719794
-372.7536593269378
-372.87890942286714
-372.5799421920778
-372.63596063860507
-372.75802854085777
-372.6564414873762
-372.7090762647447
-372.60533950288016
-372.81148474246197
-372.91387639416195
-372.66470483800555
-372.53915494306636
-372.401063424549
-372.82720358874155
-372.8750213696365
-372.93097992168896
-373.1669489124908
-373.18231858705616
-372.5080071927177
-372.1512691629264
-372.9820888130014
-373.1657485037921
-373.0171049507197
-372.87476467928894
-373.03725300169305
-372.6809879581853
-372.127531789531
-372.54786629964025
-373.1130589327297
-373.0976242534458
-372.9461541812955
-372.93270094574643
-373.1795998175349
-373.05530592563844
-372.50925844868624
-372.20092349937534
-372.7283262486423
-373.1873170247855
-373.2144213228362
-372.8989054313398
-372.71462296018564
-372.52459103042435
-372.56622159928514
-372.66460688132156
-372.55626608137976
-372.82614133479353
-372.7387111021043
-372.96188028850065
-372.9405879304591
-372.6150235391344
-372.2235285770339
-372.70168469835085
-373.1118105639404
-373.10033439724856
-373.05404096733145
-373.1237690014109
-372.8467696923724
-372.6034818875129
-372.37458413643645
-372.64244810972934
-372.9475938772194
-372.7741806413126
-372.75421640167895
-372.497487548014
-372.69836035589015
-372.78806812398295
-372.49271586136814
-372.4858573157214
-372.8092132193555
-372.9706685638402
-372.801390721362
-372.1974181500131
-372.578762348051
-372.920980163573
-372.9815502139451
-372.62234298413165
-372.2963461622342
-372.764024448226
-373.0078561112708
-372.75606048654225
-372.4351604213317
-372.5410318936466
-372.9017267319114
-372.9753795088563
-372.63888622989805
-372.43008623561343
-372.6290817958351
-372.9056358309697
-372.9557566866496
-372.5972225896529
-372.2735828111481
-372.7445922994294
-372.89642829528884
-372.8245179522276
-372.6918255744087
-372.4550064942357
-372.31491962349526
-372.7220231688478
-372.859360570333
-373.0441348682448
-373.10570960622374
-372.5054851922855
-372.11389492436126
-372.82490572533106
-373.1911028369541
-373.1916887605594
-372.98678819817434
-373.0250932209307
-373.29057674008726
-373.2597445081404
-372.9219367772271
-371.9545459318264
-372.53604777428774
-373.1470526708149
-373.2562286762825
-373.1567082877432
-372.49376038246015
-371.91149019449665
-372.83169534937167
-373.21913803999774
-373.07656216894827
-372.4216427010909
-372.15396745299296
-372.6763667021518
-372.9349926806597
-372.7102614394239
-372.2582999379605
-372.631216114421
-372.8029799577651
-372.56493668891306
-372.36792101111024
-372.60310222545587
-372.832910405036
-372.74350280286865
-372.47400548540764
-372.52327308086655
-372.5241708860215
-372.7836149515046
-372.75675038009945
-372.604911551111
-372.53834266787374
-372.64362098173126
-372.8173666995037
-372.60307734398856
-372.53222770708027
-372.8255149339688
-372.7944746339347
-372.5651019290111
-372.3837032068511
-372.75668921623253
-373.03923107808754
-372.79018189115175
-372.33151344407554
-372.4304705414647
-372.96608022897476
-373.0706318949849
-372.61810807160714
-372.2237609350776
-372.71741232205335
-372.9727052178468
-372.8038885218366
-372.3718820354705
-372.5928108657456
-372.72188334320265
-372.5545029162473
-372.4983522461196
-372.49906245798036
-372.68303788960253
-372.677758637081
-372.5932591564496
-372.4582835884791
-372.3587869447295
-372.838406930547
-373.0636115571355
-372.80286840283543
-372.1327784983078
-372.33115647997187
-373.12339115588077
-373.28185385349093
-372.9751760986515
-372.1746471881336
-372.3108993212801
-373.0827183216498
-373.20278656553876
-372.89391201084123
-372.5797958778091
-372.4651892590144
-372.81510650545545
-372.77559557014894
-372.4088964274249
-372.6135063094034
-372.7775061846463
-373.19995372478206
-373.2854539394993
-373.14933238321015
-373.0247150635426
-372.92064721455154
-372.4207185817578
-372.32112785686184
-372.7717031942426
-372.8555570133648
-373.0088738453697
-373.2602671840144
-373.3757514692354
-373.2397438288316
-372.4603330388755
-372.03767745400785
-373.0719684404117
-373.30495213692984
-373.0915208146768
-372.9128870322996
-373.08779687955376
-372.47210344842324
-372.03181196794395
-372.8029764118945
-373.0624226385326
-373.0626758540375
-373.09605930393093
-372.9449708896761
-372.53848578980654
-372.11586501998244
-372.79874161960265
-373.2385883406404
-372.96254056472327
-372.99309799250284
-373.11950490719465
-373.10085276306086
-372.62835970877774
-372.2109953690449
-372.4118961285082
-372.8823924399734
-372.69145400066935
-372.79373547490184
-372.9809519889884
-372.51004579972255
-372.7786154999615
-372.7697666618285
-372.165698827356
-372.39550689490653
-372.9382516304917
-373.1875602857596
-373.0807685373774
-372.34686882741386
-372.27832088721516
-372.85871030464006
-373.030425387893
-372.7275536557775
-372.27168465660867
-372.65519627369247
-372.9326437514488
-372.85776190972916
-372.3389793678188
-372.4143406499032
-372.98073856627343
-373.00798913850855
-372.6287591951301
-372.1906305089568
-372.6807957479887
-373.09468974633967
-373.04447480438733
-372.62065411510997
-372.1690648387254
-372.79836521103346
-373.1171267643023
-373.0046431882107
-372.54312960483134
-372.2062585668142
-372.70760440060906
-373.0983678600955
-372.75169144869403
-372.49834075218115
-372.57149874337426
-372.60266757779317
-372.6974891511371
-372.646922951662
-372.8021535798767
-372.56351312699695
-372.58719277182365
-372.60863318129987
-372.44369017625866
-372.579554645969
-372.7247522554614
-372.9367102955574
-372.82498686653514
-372.23497081003615
-372.4481620856475
-373.0077050572926
-373.11224104420467
-372.8011188720636
-372.4668399041182
-372.3711673138148
-372.5914142651872
-372.90484855998574
-372.73532423462643
-372.99680472388195
-372.8736701283808
-372.22440282965454
-372.36002556526466
-372.9640878812767
-373.1667996114361
-373.1963953459367
-373.00531946391703
-372.9306520322761
-372.63784043653766
-372.19406469479287
-372.7829895670956
-373.0610749965175
-372.9196581640578
-373.1336139179539
-373.0572309314843
-372.38337606616966
-372.3118896246496
-373.0032461376114
-373.15206416747463
-372.98188332969414
-372.88644565303366
-372.54173270050194
-372.28020223472896
-372.7542466425583
-372.94249491725833
-372.8475263376998
-373.07101496684277
-372.9057992649433
-372.2307785625706
-372.4019596827938
-373.0200396597918
-373.0729146760689
-373.0457601642436
-373.1046986991144
-373.0540063201988
-372.98238954739986
-372.8005048501488
-372.12940503679584
-372.53845001727876
-373.10995905477256
-372.9816112690574
-372.99368061003133
-373.0421988167519
-372.71330098168283
-372.1245994103896
-372.6392710606286
-373.1546936672488
-373.0953166915723
-372.9782293982927
-373.01485590511845
-372.54649733924475
-372.1787212339833
-372.8158551360062
-372.9683181152554
-372.5741869439984
-372.23343516560004
-372.90791464572334
-373.09377790509944
-372.8993843270532
-372.5604504431036
-372.3593201353431
-372.562074525566
-372.5946707240083
-372.73775020077824
-373.1706312072763
-373.08884342443525
-372.99371315963117
-372.778544082635
-372.4138371086142
-372.61631840023045
-372.67784363448493
-372.7405100436024
-372.7836966746832
-372.8627443013008
-372.9452016724255
-372.60216678633225
-372.33146224041553
-372.8116943436501
-372.86948167797505
-372.68944924245756
-372.63424585851743
-372.7555918915505
-372.74838874760724
-372.4618989635879
-372.59946317692703
-372.86719191363164
-372.7721638576412
-372.69246501387556
-372.57627195611195
-372.6945632198763
-372.5844083978657
-372.6331420892445
-372.7161779078897
-372.7202072970017
-372.7539798358496
-372.68729255376894
-372.7422300245955
-372.65180742052274
-372.46927757057864
-372.7534955218656
-372.87106976818444
-372.84114679112207
-372.5653154686963
-372.44149861020134
-372.82635215458237
-372.7301659993285
-372.42803389621355
-372.6298658087729
-372.9847287825433
-372.9767516186925
-372.62012874828997
-372.3955722776439
-372.6359408908302
-372.634349357603
-372.69678864354773
-372.76487151892815
-372.89701407038086
-372.66101306301687
-372.63865234540276
-372.84449344717143
-372.64637878175637
-372.25326381889784
-372.6809556528009
-372.92787040760123
-372.6528438913528
-372.4273846791054
-372.66174798278956
-372.8511860963478
-372.47500145820453
-372.5178183739098
-372.63569870875085
-372.60040952590685
-372.61900539549663
-372.8558389507793
-372.9709058873546
-372.5462787680604
-372.52809023165656
-372.6959834506919
-372.5912108290423
-372.51577191022284
-372.75378122228426
-372.9960178907768
-372.84432644127537
-372.52132614351683
-372.63621913220953
-372.64898950149865
-372.5230084989371
-372.4657480473678
-372.8810274235475
-372.82131167897586
-372.5623375927993
-372.5436877234351
-372.67480687544435
-372.6354126849826
-372.56751855665135
-372.70907872421185
-372.76849335208834
-372.5611541616162
-372.64984766256924
-372.8301855135128
-372.64970456338267
-372.43684975634073
-372.67474198507256
-372.8847758323195
-372.708406641603
-372.447550096193
-372.6986035581726
-372.8797656676547
-372.596890659799
-372.4279371472541
-372.62861890137464
-372.8800805598161
-372.740245491345
-372.63776698710785
-372.66270435045675
-372.56477132840104
-372.53614964622983
-372.6959122776652
-372.91551281431117
-372.80313752564217
-372.5819990061705
-372.53095659439015
-372.61451367704797
-372.61984011139623
-372.57086415687064
-372.86145550496775
-372.9641319937249
-372.91020976936255
-372.66665622257335
-372.1147521041987
-372.6608638154056
-372.9082303434425
-372.83467321121594
-372.3722433463397
-372.4643766763178
-373.00934421514626
-372.97028617722736
-372.7174191742431
-372.77651937679053
-372.3841838827059
-372.79056077556197
-372.8576112677336
-372.8493144333794
-372.80015377144815
-372.26229887211196
-372.8322445165842
-372.8283097849214
-372.8496976508848
-372.6045267859577
-372.52451178507454
-372.85695514566567
-372.806535718573
-372.9413026440123
-372.77755438292223
-372.34497565786074
-372.67739343346864
-372.9494273121099
-373.0994331541676
-372.83121168974645
-372.24391606171395
-372.6962734872148
-372.9828910868482
-373.13501261098537
-372.87084164122257
-372.2620006145534
-372.5835562194176
-372.9274630921637
-372.9650649520044
-372.77739323751007
-372.71684233766234
-372.648005542549
-372.6979010813259
-372.71223324257863
-372.52288242736444
-372.5054778586991
-372.83331729055675
-373.16381553627775
-373.0261065699188
-373.0015130758769
-372.98478182184806
-372.77451584213355
-372.64859847404756
-372.57429773594316
-372.4491304115641
-372.5991124140504
-372.5613529700493
-372.81830296483383
-372.9834742882919
-372.9362354853643
-372.98717254611967
-372.12992691531207
-372.25772393981833
-373.1534805993697
-373.21699491305424
-372.9299326933429
-372.9594671156412
-373.0769694942031
-372.7791736091231
-372.2058652521459
-372.51840437905093
-372.9934400683637
-373.0571462665817
-372.4366736444215
-372.35919248299086
-372.9154848222368
-372.9902828989902
-372.8549068339093
-372.6116575291801
-372.5152706903758
-372.54546268634016
-372.51999494928134
-372.80150601346725
-372.965228585499
-372.64056301900547
-372.3504865672398
-372.5463950282393
-372.87880570869214
-372.65840190133395
-372.3985513784697
-372.6707993506885
-372.78779784004973
-372.864782738798
-372.53713856450986
-372.3940340768363
-372.75930606072643
-372.7214740736132
-372.7853857643574
-372.77444075317226
-372.58523498522817
-372.41302135019396
-372.6706946670358
-372.8481039274025
-372.3260863423917
-372.4315711743707
-372.9889018541909
-372.9970552501868
-372.6830779051645
-372.3577087487987
-372.4202908617894
-372.70654612555427
-372.38861510355406
-372.82545552650464
-372.8907327820503
-372.42878478318147
-372.7591146480572
-372.56960931449885
-372.56176647147765
-372.36398897915086
-372.8749537632562
-373.06312679077945
-372.5955381149341
-372.4673261705292
-372.5625718824691
-372.8588278664805
-372.8192985194902
-372.30833617951026
-372.78711618538495
-372.6071286612174
-372.83747398709363
-372.7763058610758
-372.4018683808581
-372.56452839046636
-372.756609673797
-373.0428280865074
-372.8516488340247
-372.24055432720473
-372.78674059996996
-373.0091444590336
-372.935128152231
-372.46613730265375
-372.4239505030679
-373.07502200889013
-372.9001805499716
-372.6350479216167
-372.6815817551581
-372.6210603723019
-372.91963535345695
-372.65753098871386
-372.75493010041754
-372.7612285434613
-372.6322924831894
-373.0615985789925
-372.62111952062247
-372.48657424872425
-372.5376632395634
-373.03414726107
-373.28857368905716
-372.9337245510088
-372.41146722497183
-372.5000085049154
-372.8300561024209
-373.1000797403786
-372.687466967378
-372.4973718404429
-372.63158049893633
-372.851463829875
-372.9853314194168
-372.4816653290941
-372.604254759231
-372.77094180793495
-372.9631810279576
-373.24139248208513
-373.06458743712807
-372.5468095416295
-372.1317330381424
-372.51202346631493
-373.2896760707815
-372.8882155156929
-371.7720663489419
-372.74072625519403
-373.0507151099462
-373.15295380188377
-372.9660146026555
-372.8043718151742
-372.9536480035534
-372.34870354195846
-372.40282533620825
-372.73279883669375
-372.83626223463824
-372.7071011842645
-372.3962495610847
-372.9756211559201
-372.91656137543447
-372.88839559968704
-372.61360721266664
-372.3358599199631
-372.6564009463694
-372.69904220264266
-373.03129005525386
-373.1207914290958
-372.6557296861311
-372.32765867055747
-372.7003860389323
-372.9703152306152
-372.7796157540585
-372.3623051115349
-372.68699304233803
-372.7536313843764
-372.9552759446445
-372.9426859661429
-372.60782999958815
-372.2861341583968
-372.70383321924095
-372.9659352840096
-372.68695208284976
-372.19811630250985
-372.7939402654466
-372.962702675476
-372.7352967954784
-372.2851694466388
-372.4819133377049
-372.7812411079727
-372.58086745010183
-372.54634002076926
-372.9695311441836
-372.7605159682966
-372.65028324729144
-372.46592448903795
-372.4932783541921
-372.48378872460404
-372.8791085898769
-373.1947636943113
-373.23127473601346
-372.81054383482797
-371.9893190829493
-372.64663967824464
-373.29423919657
-373.1130970243601
-371.9063697201976
-372.3245511700182
-373.06887277350665
-373.07804689117336
-372.78326526335667
-372.49634726771797
-372.14116259855484
-372.39192178529225
-372.7973043141779
-372.906895803887
-373.1060751834158
-373.02118229238266
-372.1194506938898
-372.2984014107884
-373.0094524505559
-373.22024523450096
-372.95386216023365
-372.40627465218864
-372.35399520556166
-372.6505510350594
-372.99092363307386
-372.9393485671938
-372.44322739227266
-372.3627357361844
-372.70503786454236
-372.8987000606458
-372.85415856655413
-372.37018183047894
-372.4479572135809
-372.69122008081035
-372.8808876657118
-372.7824910038513
-372.32762358161585
-372.5326116210908
-372.7697683033763
-372.84907236158176
-372.66941322937055
-372.3331939838206
-372.67209217705965
-372.76448832278317
-372.66168980138747
-372.5532565136655
-372.4591941124765
-372.8047554174187
-372.7563450377919
-372.4658403748506
-372.3540955747019
-372.6403682364692
-372.97848702521253
-372.8318305295104
-372.4191691635918
-372.32068916652514
-372.46385371692884
-372.8136467815693
-372.8374451029606
-372.747701030469
-372.41264055662333
-372.22603558272175
-372.74792944909177
-372.77674034046413
-372.753335301556
-372.4148803776025
-372.291333196011
-372.7408691209143
-372.8742134522191
-372.6077534493882
-372.298775642727
-372.39662021822727
-372.8816722820547
-373.0104992614477
-372.6139163265362
-372.1547732984553
-372.58087737460977
-373.0693116551596
-373.269530637026
-373.18269931748364
-372.8646981461804
-372.8601396124869
-372.5696930715738
-372.2962545257734
-372.76446994040896
-372.93034654846457
-373.0343798378604
-373.1672109435591
-372.79280217777745
-372.2826667372582
-372.57818055134004
-372.8705284180111
-372.8923916924152
-372.80284708806164
-372.6075145522587
-372.49225715199117
-372.56870681802474
-372.72635972528025
-372.6812281219387
-372.5185807589597
-372.7852660572284
-372.77946501807725
-372.50671357193164
-372.1898271104789
-372.79369637687154
-373.1259928819875
-373.08550962886386
-372.7839072781986
-372.0321131607362
-372.56389939087944
-373.04126460103294
-373.0930623228856
-373.14505403865434
-372.76528751666075
-372.2469673670881
-372.74737429723314
-372.89077603957384
-372.933232542717
-373.06863474374853
-373.1420654300061
-373.0488518291594
-373.0808758734499
-372.72529813101073
-372.32188378704683
-372.6885522347948
-373.0128764440957
-372.8837710900387
-372.5871776364816
-372.0662515937898
-372.91337674565165
-373.25053223456996
-372.9511415981242
-372.8339542555973
-373.018968308828
-372.73158737120553
-372.2329564974998
-372.49507027966695
-372.96441273339735
-372.9240700615324
-372.4405466196772
-372.51077990285705
-372.8545251367277
-372.90096043001296
-372.476061238437
-372.4642263918439
-372.83949245670607
-372.83835736369696
-372.8421848116371
-372.79336876319877
-372.51530499992595
-372.4756958689302
-372.667378408807
-372.8393914444761
-372.88377487692406
-372.5615297464842
