-373.38753816108897
-373.3849285032266
-373.41105607555573
-373.3466727294586
-373.34844473641016
-373.3540095931115
-373.3072530046363
-373.3358450460334
-373.339706260347
-373.40425422300495
-373.36977373878096
-373.31401197245594
-373.3426591504515
-373.242575469998
-373.3592682514513
-373.35129191015693
-373.3636399498291
-373.3523618299427
-373.2693047039198
-373.30956707659345
-373.287819251162
-373.2886854551752
-373.3353764528308
-373.3340122028302
-373.38808197119965
-373.33500385161153
-373.32803552778
-373.24549913449437
-373.2779511670303
-373.4106848604222
-373.38058667408137
-373.38073020992664
-373.2893168568712
-373.30624164891134
-373.26949372021585
-373.3139991360437
-373.41133761396236
-373.35695189057793
-373.32257214171096
-373.2989289118447
-373.29479840144603
-373.368665639061
-373.32813833459016
-373.39262614487313
-373.3354027678337
-373.34932696329815
-373.310929877185
-373.3085230578059
-373.31355973742046
-373.3406772001654
-373.43079557662145
-373.42429897401445
-373.36843148145755
-373.3577513246978
-373.3238002059246
-373.38042866893034
-373.40068108980614
-373.44305659651934
-373.3888936091688
-373.3367324983778
-373.3487390419124
-373.36601412570593
-373.3911554516472
-373.3869032556398
-373.4004793939004
-373.39482438930287
-373.36142195713876
-373.3746806630298
-373.33459402192386
-373.3434978304942
-373.36270946093964
-373.37879323473834
-373.4198587276576
-373.28710427579034
-373.3145729477657
-373.28530907185177
-373.29875406159874
-373.3703850185377
-373.34395414411864
-373.34825405611633
-373.25283357324435
-373.2711100181997
-373.30393601051225
-373.2400404413576
-373.3599214024331
-373.29126831418347
-373.3470670827242
-373.3020008537388
-373.2655879324477
-373.25782692713324
-373.20071470976234
-373.36708754542536
-373.35889783729334
-373.37512896542023
-373.302683783623
-373.24767913330027
-373.34872826919644
-373.302717484293
-373.3662678443698
-373.3503859321386
-373.29296113210194
-373.29833079058966
-373.28978689711
-373.35708182375134
-373.2887282635408
-373.4074309226756
-373.37254057531425
-373.35357245460915
-373.35905581398885
-373.2909131202017
-373.32747266089115
-373.3680250645439
-373.39392954232716
-373.40348440902756
-373.3207676306606
-373.3199459257272
-373.32530586398155
-373.36431662467936
-373.36167256693113
-373.40431352435536
-373.3482798821943
-373.31794618927904
-373.3104312280444
-373.286062477449
-373.407729270125
-373.3096852258893
-373.34629331827375
-373.3427696898073
-373.2665375167327
-373.3560808136798
-373.28142992975637
-373.2921500549447
-373.31709157109617
-373.35217668298793
-373.3703576385217
-373.2816425238992
-373.35497008971504
-373.2840718645473
-373.3291637661168
-373.34656271346455
-373.3534632987983
-373.37112935722047
-373.25964726919125
-373.3326243379345
-373.30437699319714
-373.3078880881217
-373.3197345522825
-373.3029314395848
-373.42693177103797
-373.2919349650407
-373.31995217612746
-373.28743865517623
-373.23112596059264
-373.36629440962685
-373.32076627983184
-373.33604968097586
-373.28110361861917
-373.31877556674743
-373.3012772809685
-373.34472083599763
-373.4054242339394
-373.362795777764
-373.32104934170445
-373.3019525275108
-373.3549145485246
-373.3929894960029
-373.34012618408724
-373.3734679457794
-373.34955464781
-373.36714391349494
-373.3591895265231
-373.3643107424536
-373.36993821592233
-373.36079124351966
-373.39979394206654
-373.40986687609643
-373.3773164206004
-373.3476994367731
-373.37222337029687
-373.4148808601014
-373.3852447099655
-373.39500007910334
-373.3695686366701
-373.33135406278416
-373.3826639585259
-373.3667487406529
-373.4070167702986
-373.3601610533485
-373.3474391163039
-373.35891142480136
-373.3601297710352
-373.38956355128863
-373.358147076777
-373.34188356207267
-373.3317719029698
-373.31527023079445
-373.3737585445164
-373.2506053257058
-373.3005052250151
-373.30647632451405
-373.3382913220373
-373.32232431173674
-373.2660177128912
-373.37694454953277
-373.23910638826715
-373.31447560440705
-373.2943592404851
-373.22331614716785
-373.30438815257054
-373.23869584636117
-373.34257075972596
-373.3121523335673
-373.33871519340795
-373.2984938023394
-373.265619223614
-373.35746983059977
-373.30889750483584
-373.3855812215749
-373.29017717654295
-373.3412324366376
-373.378342603162
-373.3367250128751
-373.36041094657173
-373.32430052507783
-373.34928223762404
-373.33839279108787
-373.32693670141805
-373.39764485938923
-373.31963625416415
-373.3414679677045
-373.3284787011989
-373.3685915975656
-373.3589673312608
-373.37292724186835
-373.35366272165174
-373.29867045231543
-373.3696688772654
-373.3248100980288
-373.3547600567456
-373.34429446466225
-373.3320588796553
-373.3981247022662
-373.3402527791572
-373.3577973493538
-373.36410955646096
-373.3391319224512
-373.374491500328
-373.33764627859443
-373.3991757399584
-373.2950899364136
-373.29869894910337
-373.30986549106916
-373.330633127957
-373.37499462542706
-373.3177530366645
-373.3354325306733
-373.24161883163305
-373.29742284781105
-373.34185720719904
-373.2230948708698
-373.3298614187627
-373.172825389626
-373.2760513953887
-373.21661582048176
-373.24414840528954
-373.31151341569296
-373.23780025258935
-373.3401112417485
-373.2713290001494
-373.2622906281606
-373.207636901417
-373.266883062146
-373.3971542196437
-373.37116564466606
-373.36462449926177
-373.2898671457112
-373.25545725960865
-373.3107476081285
-373.32289900522136
-373.37565867168166
-373.31321964517275
-373.3574690138171
-373.3570201186589
-373.35094280881134
-373.3581287389931
-373.34627161459315
-373.37203904504133
-373.36579032113724
-373.3888316669055
-373.3791157578813
-373.30260366457225
-373.30843518643474
-373.31835793547833
-373.39625678455303
-373.4202041251411
-373.39165662445834
-373.3629850275022
-373.29906963022785
-373.3635296164801
-373.40151785155433
-373.40653288030455
-373.3639073873468
-373.3286832793477
-373.3541630084919
-373.32067495354255
-373.31551379092156
-373.3596921641718
-373.3729328648681
-373.4055392415809
-373.3333408783611
-373.35676202298237
-373.25646195577673
-373.2914128051258
-373.34340791917595
-373.35527096804356
-373.3961960720738
-373.2557323502411
-373.25492906675225
-373.24530422614595
-373.2746395272655
-373.3825489128281
-373.2672878999247
-373.3166168483961
-373.2154821655582
-373.2569801477431
-373.27647752892943
-373.2787899781794
-373.40922952312195
-373.3027527196403
-373.2999202572639
-373.2449651347997
-373.2256507306913
-373.2695976165596
-373.27365782688423
-373.40122676721876
-373.3713934144873
-373.3636180483705
-373.3328867089987
-373.2939128749875
-373.3839728808668
-373.3467780419243
-373.40257762702487
-373.3637857774652
-373.3449030566563
-373.3758868245096
-373.3439915866416
-373.3595370091855
-373.3573740835481
-373.40312452943584
-373.4244129506511
-373.38838438279345
-373.38396828502533
-373.3301160664105
-373.32757800560205
-373.3609401843772
-373.4298771907073
-373.4297090819264
-373.35378212526604
-373.3289988927254
-373.278240802718
-373.3559434141034
-373.37600124795614
-373.38203643836016
-373.3706146959535
-373.30490052484316
-373.3203999961547
-373.29976118959263
-373.320758751385
-373.37665310359705
-373.36175593369353
-373.3624449739484
-373.24400594003356
-373.27678844783367
-373.2469762038109
-373.2465015502454
-373.3749989566784
-373.36750679850536
-373.3786802972188
-373.25376998380654
-373.27080823120707
-373.3250452767287
-373.3475898400553
-373.40902227761705
-373.2958906859515
-373.3066388171982
-373.27181184241743
-373.30269291136443
-373.35671046993195
-373.3285068294137
-373.41255145682965
-373.38619345097527
-373.3924050648229
-373.35624698468644
-373.3259290084793
-373.39185542164284
-373.36219739389605
-373.42721663347163
-373.4114612625755
-373.35386261181634
-373.3822216835529
-373.34649417062184
-373.4033669718224
-373.40107177208813
-373.41383353656147
-373.4098997748181
-373.3673567304083
-373.390332694279
-373.353085442466
-373.3689172830896
-373.3889463213225
-373.40523596219776
-373.4424921740056
-373.3739272574238
-373.35898688006273
-373.3247236691457
-373.335936488422
-373.3701362310774
-373.38013672549187
-373.43022814637607
-373.31809212479743
-373.3034928416303
-373.3183125036806
-373.35972831076697
-373.42030936685114
-373.3563903230769
-373.33756628668533
-373.29040118614836
-373.2873321210107
-373.2775426279107
-373.2633600463978
-373.36005263003665
-373.35158249842164
-373.41503255044205
-373.31088131591383
-373.2713731429045
-373.3174917425992
-373.3214930806679
-373.3847135223907
-373.34836980347103
-373.33866255003886
-373.2544928124504
-373.2518448452834
-373.35350071687316
-373.3676094310732
-373.43380973989986
-373.3489144804296
-373.3234837441479
-373.31388075168906
-373.300175874116
-373.37604980299074
-373.33965477249666
-373.40591016001815
-373.37530899537285
-373.36193817204986
-373.3756455283323
-373.315896800206
-373.3879926938082
-373.3790548235947
-373.4044823328819
-373.42862259706635
-373.3651908016551
-373.37925575140054
-373.3531360823078
-373.41503986771335
-373.42467150105006
-373.40596461122976
-373.4276352310051
-373.3809480576826
-373.389954712888
-373.36702925734215
-373.3654341058629
-373.39838272414687
-373.3883289147916
-373.4363047728519
-373.38648824320893
-373.35523872613373
-373.3290026635691
-373.3383597557507
-373.43279944097515
-373.35768588937066
-373.37573780155503
-373.30529191286416
-373.2505406940748
-373.3043827185887
-373.3137136006243
-373.37072882105275
-373.33932436296004
-373.3695132383879
-373.3692325981247
-373.30151441834477
-373.3278353581
-373.26541347170314
-373.3534443451717
-373.37348346284165
-373.36092920285546
-373.3142119241472
-373.24409993187385
-373.3064579497406
-373.36986617581164
-373.4140477312498
-373.39616979295397
-373.33581309814593
-373.30428015667223
-373.2800724499696
-373.38613389738924
-373.4055959050432
-373.3858186620373
-373.3269316200087
-373.3081392066102
-373.34689025283035
-373.30981905115084
-373.38567273333376
-373.3505779718332
-373.3536156142803
-373.3906646334345
-373.33800917634716
-373.37218269865696
-373.3271531511627
-373.3554223387195
-373.41115713473647
-373.37628631315056
-373.3900578485721
-373.324666495645
-373.3449505816879
-373.3231007545324
-373.3457362119983
-373.40696208675695
-373.3515056197482
-373.3855636299342
-373.34417525409265
-373.351967322926
-373.3507987369002
-373.30145998775583
-373.37357491863355
-373.298946676011
-373.37453898599733
-373.2929398938517
-373.24669836020496
-373.2984828162405
-373.2603479742428
-373.4157956016838
-373.3586346978244
-373.3363164016474
-373.2994149897665
-373.216103335123
-373.26893950435056
-373.3178842546235
-373.3743123697136
-373.29564983278675
-373.26526592629637
-373.3381993617866
-373.27534760778804
-373.30309442798557
-373.26725851319907
-373.34809258495176
-373.3570246036845
-373.35577306381015
-373.32047359515735
-373.28489578319665
-373.3437512576334
-373.399182123413
-373.4061740386977
-373.37834823209226
-373.296157381741
-373.3225808483739
-373.33602761030596
-373.3740318642237
-373.40156797176314
-373.3785447589663
-373.3675938964563
-373.3395947774704
-373.40330851562857
-373.37565411669016
-373.3551475320648
-373.36099499820943
-373.35275570922903
-373.3681102205441
-373.3547063525866
-373.33917869919503
-373.32735582702225
-373.31952446098444
-373.4169284591229
-373.39551104078805
-373.39081667743665
-373.3220448019743
-373.3243600975088
-373.35088323374816
-373.31601450417173
-373.3729528959548
-373.3435622040137
-373.3246710379051
-373.3220426557056
-373.31319174980814
-373.36276648628285
-373.27465473000433
-373.3532009737523
-373.3740927427844
-373.32631384709055
-373.34662285453766
-373.2415964546859
-373.30289824077335
-373.3109112477943
-373.36662377839076
-373.3546344710222
-373.2692739556604
-373.3050247557503
-373.2645834921973
-373.30436522191496
-373.2889673709346
-373.2842137910434
-373.36832679420695
-373.2903113257748
-373.3722657228108
-373.3195901843498
-373.318981319972
-373.3184129834468
-373.3163016520356
-373.36095857605983
-373.3022181012815
-373.32755618015784
-373.3473388813594
-373.32289918850853
-373.41940636417775
-373.3755127416048
-373.37572743264377
-373.36058222188075
-373.3716264157921
-373.4094451969938
-373.3794627867435
-373.3815731732301
-373.3593237318384
-373.3787078775795
-373.3791128564773
-373.3969841582818
-373.4073553014059
-373.36697843481676
-373.36401113823587
-373.39082384222155
-373.41026061808606
-373.3942624867823
-373.3426126746498
-373.3752752131966
-373.3381713007485
-373.39677829904787
-373.36806116528345
-373.33959497050824
-373.33857591017147
-373.3342331185772
-373.367427418195
-373.34542891295337
-373.3055000363668
-373.3299063680018
-373.3101383887319
-373.37645770558356
-373.3082872405479
-373.33471241439975
-373.3154211184433
-373.25847056294936
-373.3637257564727
-373.3119195580756
-373.2957881863323
-373.2550739877319
-373.2839939973304
-373.30077758439205
-373.3370383165544
-373.3845693734262
-373.31826402155133
-373.3218034121147
-373.3471338550154
-373.3194690031278
-373.33276009826375
-373.2551257948972
-373.35855166352394
-373.2969457300662
-373.3287593714148
-373.3447435055915
-373.2860264180421
-373.37995237578065
-373.27522529915365
-373.35290762684787
-373.35262245334616
-373.2974324769584
-373.37327416225287
-373.301216616522
-373.350252937411
-373.30809918209343
-373.3318900697254
-373.3351823617688
-373.354348925189
-373.4138102609474
-373.32899249200216
-373.3408121003496
-373.3209656873501
-373.37594376266566
-373.3942428192688
-373.3581189019276
-373.3701002911558
-373.3255565687528
-373.3256833446576
-373.3456230621054
-373.3561201749936
-373.386368960872
-373.29438686935794
-373.3380481378108
-373.2701943294564
-373.32282182286855
-373.3195787473476
-373.3322012955141
-373.3452983078168
-373.30304067113775
-373.36254557896456
-373.23842595227734
-373.22262725803654
-373.2759197585169
-373.25202712913693
-373.3060973073223
-373.22983290826335
-373.29567500739364
-373.2307654802772
-373.21623743486276
-373.3352451759804
-373.2712641120506
-373.34938339936525
-373.2015797623741
-373.29224935638166
-373.23962075248534
-373.27448650801
-373.3297657039671
-373.2825210400151
-373.3900236273077
-373.33092840345296
-373.34836128363855
-373.3214356083232
-373.28516972240976
-373.393461131513
-373.3662337982659
-373.39751090316753
-373.3658326322534
-373.3312932603231
-373.33580873215897
-373.2865302694686
-373.409713062226
-373.3767095113264
-373.38304024513855
-373.3652249580685
-373.3263614964989
-373.33795674317787
-373.3274385796111
-373.3911501257482
-373.3785916024624
-373.36762099311505
-373.37824465661646
-373.3007787238993
-373.3277540476158
-373.2885686202017
-373.3855409220528
-373.40028093199317
-373.3393506875264
-373.33219594085045
-373.2625334639976
-373.2842354214908
-373.3316480539046
-373.4265559500388
-373.4158383544261
-373.2630997095422
-373.2899316598271
-373.2235145659889
-373.2604078993758
-373.26292538474706
-373.2987419338853
-373.3265581626786
-373.2608297357451
-373.30688335388015
-373.19822538032724
-373.1940944547171
-373.2843936568996
-373.282356911982
-373.3196625750205
-373.2245041932532
-373.25392343252986
-373.2652690156159
-373.24961649739936
-373.325656528892
-373.3258953302007
-373.3857867257753
-373.2781134940222
-373.3443056383884
-373.33062519489886
-373.31223364778793
-373.42644011156915
-373.3692559888342
-373.397954878833
-373.3699954969103
-373.3518163733214
-373.33522660344494
-373.3184934994317
-373.4054319133461
-373.4060900784177
-373.398664258536
-373.36946681627865
-373.30936655019445
-373.3643673378025
-373.3162214931231
-373.41464906664766
-373.39820655822336
-373.36211398747304
-373.30935284621876
-373.2840090484924
-373.33735098544156
-373.2793916131923
-373.38350324008167
-373.3862983806216
-373.3007383790545
-373.3510298483427
-373.24122230882864
-373.30428849326415
-373.3551986004018
-373.38151684091406
-373.3481394168996
-373.26724385059475
-373.2568343541452
-373.2275860225792
-373.3048933287385
-373.28276261460087
-373.40928437358616
-373.37765613353605
-373.24371270639193
-373.2374852152731
-373.20821521993616
-373.3149810342651
-373.32031966352145
-373.33601315899773
-373.3524825052795
-373.24351545509364
-373.3312653855633
-373.2793682644527
-373.3142172321956
-373.3602763497967
-373.38664982572067
-373.386528473884
-373.318201556271
-373.3698323879193
-373.3417531864247
-373.377132084992
-373.42239589118793
-373.4085306575106
-373.41243797100344
-373.34080436012545
-373.36312937973366
-373.379049845495
-373.3544028241516
-373.4217235569486
-373.39357369506394
-373.41887521683503
-373.35796502298734
-373.356138131011
-373.36542650550774
-373.34898872772504
-373.4182927935997
-373.40315192909253
-373.370388244339
-373.33485364640273
-373.27493014047894
-373.35642192650795
-373.2820562792602
-373.4087381879704
-373.3876085015961
-373.3410444408406
-373.3232277285829
-373.2883969118081
-373.3605667614059
-373.3379697097427
-373.37744322429455
-373.38594322207047
-373.29895915845043
-373.30052306223934
-373.2728893341878
-373.29630866419876
-373.3184728300875
-373.3895881308696
-373.427215589137
-373.2798191840553
-373.2798067637416
-373.2223253627494
-373.337503219333
-373.3260324107759
-373.3648897330319
-373.3796798336651
-373.26095205870877
-373.2768747992786
-373.2903352080525
-373.2829760686753
-373.3314056319691
-373.32934895329515
-373.3596169956374
-373.29273617356336
-373.32691809694353
-373.309256656428
-373.3324008306529
-373.40008657390797
-373.3844871542379
-373.41466393752273
-373.3209770752135
-373.3504811439883
-373.364573174135
-373.37780394393576
-373.41264417459445
-373.42661017877447
-373.4455656298759
-373.39461410196685
-373.3588141693232
-373.41384681825974
-373.39121896641626
-373.42799826010094
-373.4068860473243
-373.43216837888616
-373.3739182077843
-373.36908812957546
-373.37979600689465
-373.3516523111865
-373.42476838748604
-373.39832112690243
-373.38925586135747
-373.4025452095848
-373.30921953497705
-373.39124965238307
-373.35988588156386
-373.38568633155734
-373.41802252879876
-373.3721444987785
-373.34464062329914
-373.30859417863553
-373.3654853094318
-373.3475919828029
-373.3617510338818
-373.41643830813473
-373.3972873373028
-373.3470014465106
-373.28367318774264
-373.3194363362423
-373.343584131432
-373.34514391170734
-373.43635959654927
-373.32190105429765
-373.3235764153494
-373.24320662103526
-373.28485155122763
-373.3352056700085
-373.3126003212753
-373.3458944412694
-373.3292484202654
-373.2803332616712
-373.2535217022514
-373.32054891903834
-373.3528801130985
-373.2818367213551
-373.40696237841973
-373.2861726032151
-373.2379864219553
-373.29448419263736
-373.2533491785657
-373.34511029871646
-373.35170152888617
-373.4372182312141
-373.3228075499786
-373.2663306120028
-373.2884169023422
-373.34157148324584
-373.3615371022781
-373.34983344241124
-373.3789185842748
-373.31049264048863
-373.2994416275141
-373.3335381573973
-373.3063865934234
-373.4306969124596
-373.3258727053491
-373.3950276905514
-373.38510989535564
-373.31062525652163
-373.3894176754772
-373.36610869312034
-373.3944304514996
-373.41118044874656
-373.39240842628635
-373.37394091030507
-373.3445975250816
-373.39459633637443
-373.3771756238073
-373.40022206582825
-373.4148750806078
-373.4119875598026
-373.40624125741886
-373.3078327022701
-373.3780357694298
-373.3680962526558
-373.3792746109963
-373.38833363785614
-373.37170919106086
-373.3815985705668
