-373.38755715854273
-373.41424848831423
-373.3967816537119
-373.3788744838111
-373.3452767713467
-373.3691454170291
-373.32745018466244
-373.33459370950857
-373.37406715065765
-373.40658774433035
-373.40443027609507
-373.34185422311435
-373.3478179795816
-373.29646066169175
-373.347387012747
-373.3858592461973
-373.4232596260271
-373.3618189947674
-373.3020706967638
-373.30977257466503
-373.32508431083943
-373.3400962129731
-373.3437820677315
-373.37139523783355
-373.3759827809649
-373.34071612457063
-373.35402725413576
-373.27386877489414
-373.3154629266808
-373.35142171796775
-373.4296994627376
-373.3885267152578
-373.2991867915301
-373.3088549066722
-373.2767193822885
-373.3487602242209
-373.3682830018477
-373.41904301536397
-373.3516311415792
-373.28438222770495
-373.3117657726946
-373.3502070954779
-373.38808370287484
-373.38669022114215
-373.3749906407397
-373.3527743678145
-373.31501181684587
-373.3456941221646
-373.32064436808645
-373.37813716819585
-373.38663646267713
-373.45624161042963
-373.3872287377424
-373.34852001704763
-373.3313185384593
-373.39386162536124
-373.42274388221836
-373.42104311908366
-373.4007858092334
-373.37264425616945
-373.33205435060245
-373.36445052084775
-373.3873781088182
-373.43226364907355
-373.38295102523307
-373.4094515513572
-373.3788511219209
-373.3744814493339
-373.3505940526811
-373.35494559367896
-373.3921773299298
-373.3819945210532
-373.4144752050096
-373.35705570410823
-373.3042091504818
-373.2894570071887
-373.3357487505082
-373.4042559123123
-373.3709013161045
-373.35983400844924
-373.31899261487774
-373.28247918124015
-373.27433494330916
-373.32494657863293
-373.36464633042334
-373.32179135154803
-373.34506581149543
-373.3309370176684
-373.3366488176023
-373.249983170767
-373.27995415164486
-373.33197812325204
-373.37710903543217
-373.421219395471
-373.34440609702926
-373.2938131646896
-373.27330612267104
-373.38597579369736
-373.43999871642256
-373.36728875062624
-373.35159261178615
-373.3090870465998
-373.3279264423555
-373.3167988300995
-373.38236262337944
-373.4295867971273
-373.3908604297941
-373.3795487773714
-373.34156624687307
-373.3738839934123
-373.3379156943405
-373.38067470111645
-373.413090241369
-373.39960106955624
-373.3683940186746
-373.32420426412654
-373.33619633961933
-373.35624446512486
-373.4219176346471
-373.4499592993999
-373.38165668746785
-373.3281316765188
-373.31208515886306
-373.39265773399046
-373.36917540226676
-373.4156479490497
-373.38233479442124
-373.36709502985354
-373.3199468213878
-373.33749530133196
-373.37617561150057
-373.3359858433786
-373.3532472768069
-373.3845446797313
-373.377671599104
-373.34590898402774
-373.2714634687082
-373.3239662821083
-373.3232001026723
-373.3989835085759
-373.3665533964608
-373.3277095778356
-373.270021620678
-373.27009562308507
-373.3308142741531
-373.3067837388442
-373.3369232159817
-373.35383021753563
-373.3688610487232
-373.32296835501853
-373.2941225772724
-373.3506742310354
-373.32414183793
-373.35172780961767
-373.37042625896447
-373.3903820739603
-373.31932195097414
-373.28142255353976
-373.3303111280735
-373.38553254725974
-373.4361396918846
-373.40206120429445
-373.3898293782303
-373.3197013147557
-373.34275845004134
-373.3956606730502
-373.38818747391315
-373.40099051323864
-373.37572284304133
-373.396866273886
-373.35852101436296
-373.3582466869269
-373.3923636938335
-373.4036569933196
-373.4227286068563
-373.406602509351
-373.4041414571406
-373.3492223718268
-373.3490198164111
-373.40739160407577
-373.43708644385333
-373.42535212122124
-373.3618809206211
-373.3573012670184
-373.341173334175
-373.3827109737775
-373.4241599996667
-373.42817185244473
-373.3805953240877
-373.3252291426381
-373.3619525959619
-373.3580475013774
-373.379716505883
-373.3782120732473
-373.3852234243345
-373.3547876691224
-373.2986011721097
-373.3429506904872
-373.29044519254967
-373.3178632488143
-373.31394695783916
-373.37968387994056
-373.33880683398013
-373.25349667140745
-373.2991009270176
-373.2998084713711
-373.3628094070881
-373.3606881218084
-373.3142563919192
-373.27248640982066
-373.24025386198787
-373.3391445568638
-373.3226456415086
-373.33345362574755
-373.32924730933684
-373.39438408628604
-373.37490607792586
-373.32904403367115
-373.3401909632363
-373.3239481352117
-373.3450939673695
-373.36853266238774
-373.4122564809275
-373.38396347231503
-373.33270920292586
-373.3421302031583
-373.3572412638823
-373.4173998093603
-373.39168104716157
-373.4160908615726
-373.3654456552604
-373.35414332655694
-373.370989926919
-373.37747067150826
-373.3879136007951
-373.3727141640746
-373.4163395601572
-373.3884847397696
-373.3445209456178
-373.334673240911
-373.33971336871076
-373.39826304936076
-373.3883054730354
-373.42410744809257
-373.35306053680887
-373.2912371130118
-373.30457938498887
-373.37301126520777
-373.4296480894602
-373.35211317621554
-373.29726831533384
-373.2314649622472
-373.2531740130786
-373.3049249680083
-373.3567538967925
-373.3258303863428
-373.2654899686205
-373.30590454801546
-373.29007338940715
-373.30788559163176
-373.2972036355444
-373.3400530443426
-373.30120999404204
-373.20685722593527
-373.278690733304
-373.2901366523441
-373.3338557995169
-373.31525709812826
-373.37755324292834
-373.37468170562994
-373.3011319869744
-373.3189643489423
-373.3352257264217
-373.3760047422064
-373.34900605515753
-373.3471254784854
-373.3404832882991
-373.3273684863757
-373.3764901018875
-373.37116855861666
-373.361835633751
-373.3436647379985
-373.37938892393515
-373.40852786161383
-373.3647831652843
-373.3716114119134
-373.35307414038544
-373.378547562036
-373.37265247700026
-373.4169453013846
-373.40059523565964
-373.36766773060236
-373.34964851648584
-373.3754326671358
-373.40622453244856
-373.37004964158376
-373.3829498291128
-373.37904869927246
-373.37114852718764
-373.38685635283844
-373.3606804012736
-373.38145352931366
-373.3277410781714
-373.3899780093417
-373.3739381987546
-373.3202786954273
-373.27780387922286
-373.2886257799689
-373.3623870788398
-373.35300380202557
-373.3813670851516
-373.3428492783261
-373.26069323835867
-373.25691841596637
-373.3180506990943
-373.38635362043584
-373.2839728668531
-373.22509734090465
-373.2306872648632
-373.2940730079121
-373.3546214955173
-373.3505929420329
-373.34367006065315
-373.27801158491263
-373.32158717718875
-373.33926593965936
-373.36453642942706
-373.3356111293655
-373.36669855861686
-373.381790884857
-373.3568280033128
-373.36255466713925
-373.358274570959
-373.3729947213924
-373.37531555153976
-373.38871890667554
-373.4146129150374
-373.3517659396943
-373.36896471589074
-373.367832912667
-373.41688225288294
-373.38805049222066
-373.3733812148459
-373.3750428989898
-373.3588488523251
-373.39335345515394
-373.39064563187884
-373.39222139437385
-373.3456638476702
-373.3618558591205
-373.4076850689743
-373.41199492826587
-373.37642996025767
-373.35499670408643
-373.37465869358454
-373.3635218161193
-373.36740389591574
-373.3931991859689
-373.34503560554833
-373.3200206709328
-373.30169687814464
-373.3837333693964
-373.3306810976981
-373.3322510739794
-373.3216696276746
-373.36723124913084
-373.35012368017203
-373.32468185889456
-373.32296475790514
-373.2765311933065
-373.31280776357073
-373.3483806252756
-373.3185295806727
-373.3052238519961
-373.27729457771085
-373.382908041169
-373.3542008272278
-373.3696209617702
-373.36111379177544
-373.3470649603618
-373.35536088523884
-373.37082588404326
-373.4332919373364
-373.39473439396244
-373.3774811947712
-373.3678187027537
-373.39434448754537
-373.3952040257744
-373.40246695458467
-373.4081726120852
-373.3943866542923
-373.3942382847732
-373.4127468415898
-373.41370599002994
-373.39575388595716
-373.37495913812296
-373.423335886419
-373.39886902634385
-373.399004775114
-373.3607187567838
-373.39435869953405
-373.3727745306525
-373.37975597558216
-373.3981734496339
-373.3901660336861
-373.35785297895154
-373.3526435900337
-373.4037784054253
-373.4079888792801
-373.3554728074694
-373.3654726480761
-373.3414435993859
-373.3696705705344
-373.34862764221145
-373.3677514368791
-373.32835745285945
-373.31095844948834
-373.38530690060287
-373.37914931841
-373.3603325905712
-373.31369331288823
-373.3687831889769
-373.348085102014
-373.34046597155896
-373.3393641697626
-373.3476829042989
-373.31118419760685
-373.3099933050913
-373.35458736118704
-373.36781078055725
-373.32850775501885
-373.331067886427
-373.33376603620144
-373.38682327002823
-373.3384230191325
-373.3806760946771
-373.3281451889708
-373.36574818302097
-373.3811543826979
-373.3845695328876
-373.34784590268487
-373.30907362498436
-373.37135729726816
-373.3962246394124
-373.385320354276
-373.3795032816172
-373.3686814783989
-373.3740090808745
-373.36196734742526
-373.4222911271743
-373.42446957952774
-373.3969165972226
-373.38176849461706
-373.3950762490046
-373.42332695557536
-373.3981891691674
-373.41557370459276
-373.4035289408035
-373.42145751301797
-373.4138237866956
-373.42984887406914
-373.4232824634361
-373.4155948516162
-373.425822403705
-373.4390899430776
-373.42948521134315
-373.4110111436163
-373.40472222007213
-373.424192424418
-373.4108455379438
-373.43122110284594
-373.4126356575182
-373.4211696298889
-373.3815721155738
-373.41993733721
-373.4399337698209
-373.42257653795275
-373.39027052591354
-373.37105380604544
-373.4040502622262
-373.39047159612414
-373.4000850756537
-373.39651813164954
-373.36687454235494
-373.37423766348155
-373.38298629084113
-373.4011571577667
-373.35226282893683
-373.3494892196035
-373.3852627274943
-373.38272845803385
-373.36779606800565
-373.3415537870098
-373.37404972175005
-373.32461727917723
-373.35268688793656
-373.35822860776705
-373.36270492025477
-373.30796501382537
-373.3100944395662
-373.3640279071087
-373.3555246524025
-373.3306640858894
-373.3071301243552
-373.3307539348225
-373.360200594203
-373.3706408675889
-373.38276956022924
-373.27827750311604
-373.29251612555123
-373.3068669304888
-373.3576986387468
-373.3450789944218
-373.32649877802226
-373.3638330172342
-373.3065985703024
-373.3488709023023
-373.3721540791378
-373.4042937914352
-373.34471198552666
-373.3283339217111
-373.3640460679732
-373.35783647124435
-373.3499523590998
-373.36773445069116
-373.393988662706
-373.4032178165679
-373.37709899178793
-373.3936725170651
-373.36376990012275
-373.39524642995156
-373.4153529368406
-373.45356583274264
-373.39826131235924
-373.378591685711
-373.39151592292006
-373.41587649343074
-373.42135310303183
-373.41858967855705
-373.42282540218173
-373.4014256530043
-373.381190222938
-373.4091465391927
-373.4017211499405
-373.4082085145624
-373.3752573179413
-373.41862448837406
-373.401214813481
-373.3838434978521
-373.37078677937535
-373.3546945256915
-373.3771200547851
-373.3649756017651
-373.38823049666286
-373.33484814238807
-373.29850526058505
-373.32005850331706
-373.3664364795114
-373.3744297802909
-373.33633108317724
-373.3594115719829
-373.3436701151194
-373.3342951833394
-373.35308432496845
-373.3371401786019
-373.3098795271901
-373.27765149244
-373.3576863018689
-373.38769970900785
-373.38471542985855
-373.32535535714095
-373.328691413938
-373.3409234603796
-373.35605891052205
-373.41882557214166
-373.3649579018947
-373.3399964967769
-373.319391884977
-373.3740292591615
-373.37480209356335
-373.34162404112976
-373.38388061523307
-373.38179837161715
-373.3729014042484
-373.3347509216937
-373.3515912408711
-373.3822766400354
-373.3671413535283
-373.4125367901545
-373.3819511205817
-373.36717606351846
-373.31723030271075
-373.3606670376791
-373.3985878523409
-373.41280316492964
-373.4006970497699
-373.36299139862246
-373.3455289168202
-373.3610714466679
-373.4142606096393
-373.43411403706887
-373.38772625026775
-373.38040334719534
-373.3769368595485
-373.40449952467685
-373.3689370859863
-373.40714700620003
-373.3941939909541
-373.3892297295498
-373.3690558870423
-373.36738097928026
-373.37692620557516
-373.32027056766464
-373.3779862316851
-373.4114157996619
-373.40385925972834
-373.35193258223916
-373.29484683122746
-373.3155324489808
-373.30247734160037
-373.3515336035157
-373.3344413600559
-373.2815023768768
-373.2788383424834
-373.31357081711514
-373.33618118047553
-373.2680872060948
-373.29369231341406
-373.32030953114634
-373.3354872829716
-373.3104451833731
-373.320817769233
-373.3245132835903
-373.26987201253684
-373.3005204348143
-373.3546379525814
-373.4015839010044
-373.3572544716856
-373.33614341393627
-373.34521892756277
-373.3562020098104
-373.38786202663545
-373.3982205523307
-373.4032539243814
-373.38197484382846
-373.3777087854944
-373.38499623734424
-373.3354946355137
-373.37866368240685
-373.3951119142093
-373.4400931494835
-373.3828973773707
-373.3637610055936
-373.35523322518657
-373.3575500054437
-373.39972726418966
-373.42983948874064
-373.4250782798407
-373.35970744947446
-373.32270290479084
-373.37158604538274
-373.392670432124
-373.40449367992983
-373.3808644387422
-373.3866139579946
-373.35282496576053
-373.3616357866419
-373.37782142584183
-373.3861195544248
-373.3945784641455
-373.3989752857635
-373.40641723443576
-373.33693035031433
-373.3197208018199
-373.34897682505783
-373.3797945164818
-373.3969681490594
-373.3819845045441
-373.40249566016155
-373.3114302875546
-373.2963779483983
-373.345273386995
-373.3827534901772
-373.37719339123055
-373.30888205934167
-373.3417571066086
-373.30986278176664
-373.3382276143273
-373.3264013665777
-373.32022814528955
-373.3282046128252
-373.3407943434523
-373.390524477303
-373.32871535219124
-373.29747059674395
-373.308711810074
-373.34698837972354
-373.37457481065127
-373.38115380592126
-373.3970297574001
-373.365014634762
-373.35157911976995
-373.3700675708576
-373.4007193066392
-373.39789983652855
-373.38186621810087
-373.4193051148341
-373.4064818610601
-373.40867667532154
-373.36933540007794
-373.41134743439574
-373.41210000852374
-373.4358758654305
-373.43090907435504
-373.4012133362401
-373.3632945550964
-373.36468868444643
-373.40507465008886
-373.4363292478671
-373.4082768864795
-373.4131248408602
-373.3666425594449
-373.3751904219333
-373.3630655023
-373.43183604069793
-373.41110517140254
-373.3807968193214
-373.35085037800724
-373.35191788833964
-373.3443663999809
-373.32171303689245
-373.36191931738864
-373.40062256086406
-373.3898893693027
-373.373084642246
-373.3198873750073
-373.3018515678955
-373.3169254816353
-373.4084872505617
-373.4113480712491
-373.35392558178734
-373.29708970231536
-373.3035672656955
-373.34347700251624
-373.3300528783525
-373.4095698186085
-373.36573758594227
-373.3477091151927
-373.2926383928584
-373.32914910346705
-373.3369425360169
-373.3043913960949
-373.3659320750116
-373.38081529176964
-373.377786561502
-373.33235892411943
-373.2983494160954
-373.3135875545754
-373.31764033708276
-373.3865370969603
-373.3995756079764
-373.3681953042495
-373.32977912602365
-373.3531770241239
-373.3834597758212
-373.36643630298846
-373.3963432671438
-373.39854872955294
-373.4026105777728
-373.3702783350454
-373.3872063383864
-373.376957096438
-373.3754384354852
-373.39612328005285
-373.44378755629003
-373.4396064975865
-373.40871214910237
-373.3762106777479
-373.4015879727038
-373.3991248688629
-373.44911670098975
-373.43506540635025
-373.4403499358203
-373.38100205058595
-373.40460223520904
-373.40660122026463
-373.4240359390324
-373.4169489951716
-373.4334695356871
-373.4343051612027
-373.4101362439053
-373.38338477752313
-373.39655627055026
-373.3825979696878
-373.41422887998306
-373.4078545097849
-373.4234336003328
-373.34194181383356
-373.3171450324191
-373.3348810078625
-373.38228628638507
-373.4096554345686
-373.4048215273321
-373.371072953711
-373.30521360656576
-373.3097572137327
-373.3485504873095
-373.37982888557127
-373.357865115257
-373.3661781616215
-373.3926391217947
-373.33585299244197
-373.2921701803007
-373.2902232139436
-373.3281603233378
-373.36619322731843
-373.35052721240044
-373.4014965838263
-373.3011914605914
-373.2825424895338
-373.27889043790816
-373.3917585593844
-373.38822132599716
-373.3649633067745
-373.34302133176783
-373.2991642978956
-373.31637187609385
-373.33322289316834
-373.36336005085326
-373.3609286710054
-373.37379613281
-373.4236481290224
-373.37141820439837
-373.3243317959471
-373.3240531106094
-373.3824392646975
-373.41982159302245
-373.39711690168957
-373.40973673928994
-373.34910725819066
-373.3422614748462
-373.33685992727936
-373.4299395023227
-373.4219123412785
-373.4233265404357
-373.38288749457644
-373.3896752179605
-373.3679535331965
-373.388375501108
-373.40844458035286
-373.4130939243953
-373.39359173661546
-373.41764311035223
-373.3785766897397
-373.3739570343097
-373.33655874572133
-373.4250405311069
-373.4224247574284
-373.4203771858558
-373.35553948288964
-373.335970777763
-373.3139772572745
-373.3302733763375
-373.400789685857
-373.4343818532855
-373.34284056745093
-373.30112184240716
-373.27491526333296
-373.3206409475431
-373.2729069445706
-373.3176496115319
-373.31665193275364
-373.34813033907693
-373.334614973553
-373.31357400623034
-373.2529898641017
-373.23455556395567
-373.35415671127805
-373.3816614611273
-373.3445835315506
-373.2806341043468
-373.3039389732058
-373.2890535937617
-373.29629123900037
-373.3747375101433
-373.3975906051129
-373.38071777559145
-373.33648800070006
-373.3617747882873
-373.3637175177384
-373.33171155275136
-373.3772510016931
-373.3858619565531
-373.4165685261365
-373.37696237656064
-373.3625551947961
-373.3361968749732
-373.33301719636273
-373.4184365694806
-373.4446705061331
-373.41935290716185
-373.34504228422037
-373.336667939534
-373.36284470763496
-373.38177024807965
-373.41056778229296
-373.416660753809
-373.38129532714703
-373.33186691487924
-373.3398593933014
-373.3849597423792
-373.3742040652866
-373.3959090954444
-373.38788167360326
-373.4139307009571
-373.3275849328019
-373.34166700128867
-373.3447768583066
-373.4003476474128
-373.41317833760473
-373.4027911045359
-373.355527685511
-373.28778110155554
-373.3230712259396
-373.37633219448907
-373.39229895341714
-373.39167000795493
-373.35945649334366
-373.36418843408615
-373.3054266739881
-373.3544905557689
-373.3803256102418
-373.37321599725976
-373.34437900954055
-373.33964507193076
-373.3705360994394
-373.31195355294125
-373.2906335888169
-373.3091405104221
-373.3579539519693
-373.39565412391636
-373.38095666382094
-373.3509202251186
-373.2789428927666
-373.3111871731954
-373.35669450123686
-373.3849883126737
-373.3404469798756
-373.34337279181756
-373.3591101969867
-373.339295485385
-373.34957793821263
-373.3446539471767
-373.3703780072574
-373.3527311811298
-373.3890989154418
-373.41769206320674
-373.3482327788746
-373.3277847428644
-373.31619342810944
-373.4141399831483
-373.4096636137246
-373.39262584746575
-373.353148603742
-373.31527083814495
-373.32832496704395
-373.36633473491565
-373.41215279877713
-373.39783256143545
-373.36526009098446
-373.36989373435694
-373.3399495339711
-373.3671377860756
-373.37237697820325
-373.4212047028623
-373.379690695506
-373.3694382432366
-373.3548288122494
-373.34793612820454
-373.3410867757085
-373.3807769429325
-373.44819900705323
-373.41598089134675
-373.3562320675166
-373.3152389213223
-373.3486896154541
-373.3944319045128
-373.42150041819
-373.43216313257716
-373.33235663496424
-373.30423165887873
-373.3131264556651
-373.36299473931916
-373.38468310510046
-373.35092803928427
-373.39517752464695
-373.3380067227095
-373.31269047142837
-373.2955008115554
-373.331025019251
