-373.3875572150561
-373.4143896566238
-373.39782006324003
-373.38133844389006
-373.35160533661565
-373.3765357325125
-373.3416041195651
-373.35215767795415
-373.3899791260842
-373.42012841706173
-373.42097568094186
-373.37375080405855
-373.38224949774894
-373.3478654885639
-373.389410405867
-373.41554274713576
-373.44433402979024
-373.40750298591
-373.37459997674483
-373.38306922219243
-373.3917076138328
-373.3997723442222
-373.4041632209872
-373.42059885720226
-373.4277221308079
-373.40737992475886
-373.41650712468294
-373.38145797260074
-373.39214658546916
-373.3989650350561
-373.44687018063473
-373.44103850259404
-373.4055706768132
-373.3969035834196
-373.3825309614524
-373.40861761164086
-373.41312268149653
-373.4461422945648
-373.42722665503175
-373.39679658582537
-373.3928795725812
-373.3974797148761
-373.4084405681458
-373.4106107820662
-373.4300397219097
-373.4386240851113
-373.4050877173846
-373.3967590671182
-373.3620445284817
-373.3839977534662
-373.37559104734106
-373.44948211045755
-373.4368694927123
-373.4039989232746
-373.33447967792483
-373.35841436546724
-373.395183530601
-373.41014606811666
-373.40917643866965
-373.38859994332324
-373.3227273497731
-373.3038606411349
-373.3161613273862
-373.38962791415247
-373.34583403141346
-373.3935236975007
-373.37005966144994
-373.37507127819106
-373.3261529324271
-373.32190943551757
-373.38030239864656
-373.3915339986121
-373.4362139757037
-373.4086664476578
-373.3721908436458
-373.3388403544574
-373.36299569711014
-373.4170253156718
-373.4186282609152
-373.42091027943707
-373.40703312215146
-373.39717015703917
-373.3803311819876
-373.3839051886281
-373.41402503324883
-373.4007602508657
-373.4207040974391
-373.4123031861065
-373.4259291208108
-373.38123123993205
-373.3781596811765
-373.39553564576
-373.4171942432689
-373.44051715866834
-373.42658326997264
-373.4107498340037
-373.36971392785495
-373.3837813565223
-373.425505649201
-373.4325853668591
-373.4323122609508
-373.4093568843159
-373.4261099232255
-373.391060518403
-373.38204325707756
-373.39321506212815
-373.4050745272192
-373.43045262358464
-373.42186525497056
-373.44210739429803
-373.3835922617312
-373.36688871352516
-373.379639121801
-373.4357395937201
-373.4450022742823
-373.4141238004409
-373.3830968539459
-373.34827909003167
-373.3517959561663
-373.39836957964593
-373.4144177691407
-373.4175220949989
-373.3704558545438
-373.40759430976175
-373.3439259566167
-373.3571170966449
-373.3459723770516
-373.41908649550334
-373.402870163051
-373.3779231090512
-373.37091568037675
-373.34006298883594
-373.3423161264621
-373.3628528672241
-373.42753081996455
-373.4461161680334
-373.3925026180106
-373.38450164245586
-373.36619975043794
-373.40595740473003
-373.4163904385533
-373.43896130907154
-373.42428619475726
-373.4043369231077
-373.41769680486834
-373.413024647373
-373.416318220753
-373.40006506243776
-373.4313466183556
-373.4387816153872
-373.42898058788256
-373.41363703523024
-373.3994965472205
-373.4003616549539
-373.40434314764974
-373.44251120689137
-373.4523167021962
-373.4215240537887
-373.39950437210905
-373.3869343374787
-373.4134834124052
-373.3992696965681
-373.4200047966586
-373.41176220786247
-373.4133790956371
-373.40764911733453
-373.40222178711616
-373.3974983764986
-373.37265944067946
-373.41443358940256
-373.4333347719218
-373.43103506371205
-373.38247394683157
-373.3527619602871
-373.36722118631315
-373.3626430229575
-373.4115066360807
-373.4373432563857
-373.4258384967265
-373.3805481644269
-373.34675254196634
-373.40180020555346
-373.37717889121535
-373.4092985075037
-373.39345741434727
-373.4234657544222
-373.3835453685408
-373.37623127608805
-373.36702759678747
-373.3744865669592
-373.40783987405047
-373.4441088277073
-373.43890305366375
-373.3975457599949
-373.3755973016852
-373.41113175366314
-373.4240396106582
-373.454043664797
-373.4372664309513
-373.4420648922235
-373.4083529149882
-373.41503200801543
-373.43088664559883
-373.44090478968184
-373.440260976121
-373.43267002996294
-373.44564124393725
-373.4324080775464
-373.419333792603
-373.42074902391727
-373.42492570506846
-373.4422663068631
-373.43932054238905
-373.4469895349251
-373.4132925048291
-373.3982088566089
-373.4111551311057
-373.4268999002997
-373.4384928684781
-373.4090233808779
-373.41994650899335
-373.387884774923
-373.3974497043805
-373.3996739355723
-373.424219704772
-373.4113137544837
-373.3924150452375
-373.41354553462503
-373.4103077087968
-373.3799215989436
-373.35435300907386
-373.36929825571855
-373.40666554392635
-373.40415759440555
-373.4316198916587
-373.3807475699322
-373.3789729281264
-373.35394886735094
-373.40844013748267
-373.4174045486556
-373.38591446338114
-373.40333730871066
-373.3865224088432
-373.4043285428125
-373.3784774784008
-373.40399416446115
-373.40675492405876
-373.4053250199038
-373.4304211994837
-373.42928189312073
-373.40868001238147
-373.37271873162797
-373.39167196056593
-373.43534752239367
-373.436821447277
-373.44338576739443
-373.4103333879243
-373.4174316021048
-373.3967636455441
-373.43638215582877
-373.43627052351894
-373.4420897430756
-373.4327338682903
-373.440300556694
-373.44070960356424
-373.4280378288699
-373.4299969172217
-373.44224255459045
-373.4454837303107
-373.45550023321346
-373.44577980056897
-373.44829757690394
-373.4199163803536
-373.4379651139256
-373.4458720821295
-373.4598231665324
-373.44337813871226
-373.4295988014213
-373.4322149825321
-373.4261763815011
-373.44097957958945
-373.44221322841196
-373.43943051071994
-373.42177461952014
-373.4140866684787
-373.4261749670081
-373.40234972192667
-373.3912818265449
-373.3920266336785
-373.41393633540963
-373.42147809717994
-373.40720785859804
-373.4182395209156
-373.3798979286926
-373.4025974828801
-373.39779262549075
-373.4394018116907
-373.3907085064929
-373.3827887083329
-373.3820966462119
-373.40016629764455
-373.4056234849655
-373.4011849669218
-373.40586882954153
-373.40068814362246
-373.39734985649915
-373.42134365447714
-373.39306036672093
-373.3918261696742
-373.3703633687686
-373.4301775169783
-373.42619145217714
-373.4162155567419
-373.4007057277226
-373.3940537893434
-373.40788215213223
-373.4031229066073
-373.4359523569853
-373.42036862556455
-373.406241206761
-373.4052728051794
-373.41967030925474
-373.4251578003397
-373.4050528533492
-373.4168729267716
-373.4245208614444
-373.4279175949535
-373.43178865498777
-373.41544401454297
-373.4137828224612
-373.38979437145775
-373.43882337578407
-373.4322644968236
-373.4399746338385
-373.401753116095
-373.4172193140916
-373.41626765597954
-373.421039455166
-373.42948526388835
-373.4274398380143
-373.4148110549154
-373.410426384331
-373.4161025188271
-373.4268106768957
-373.38624204649255
-373.4040010683039
-373.3929554361091
-373.4288844767205
-373.39640209912085
-373.40206966535254
-373.39224684873255
-373.3776242699135
-373.4069844676767
-373.4118517316002
-373.4067575470252
-373.3527508904375
-373.36757071103443
-373.39647404390934
-373.3846733131612
-373.3721610546302
-373.3769230117527
-373.399631053322
-373.38574817189414
-373.39054720542373
-373.39895831804836
-373.3574210345153
-373.3653879152817
-373.3755521840501
-373.4417304949848
-373.4001862688749
-373.4065405739901
-373.37679672719327
-373.39517244743763
-373.4083115628916
-373.42580536390125
-373.4309409012069
-373.4073826070663
-373.4095792486344
-373.42536963472656
-373.42321642661324
-373.4264319461296
-373.41531165849176
-373.4498992086747
-373.4265525469352
-373.43832832682443
-373.41114637461664
-373.4153347421907
-373.4087348350566
-373.42338966487756
-373.4522246371994
-373.43527767360524
-373.41742121540705
-373.4008571041805
-373.4194814883054
-373.4286112203069
-373.429389832179
-373.4326751116033
-373.4116271557536
-373.4100432123532
-373.4119789859522
-373.4227920428089
-373.39989994258
-373.38271293323464
-373.4134669040117
-373.41373296759525
-373.42512151265356
-373.382352562534
-373.40888193054406
-373.38716992671294
-373.3951102293853
-373.40172254966296
-373.39302983812087
-373.38123735566637
-373.36074144541124
-373.3921124864582
-373.4084423882009
-373.38447156016167
-373.38696135365836
-373.36832353062323
-373.41169706841345
-373.39020130324735
-373.4141743554286
-373.3635353210519
-373.35825095357677
-373.38929748703407
-373.426448153093
-373.42651165700875
-373.3840811284383
-373.39555144994944
-373.3929974487847
-373.3987111485026
-373.41205888712284
-373.42397799313886
-373.427130725175
-373.4048333883787
-373.4231978175815
-373.42850759316235
-373.42918133948837
-373.42476348058796
-373.43200776996275
-373.44958968361607
-373.4269741772417
-373.4298745966834
-373.4077040582627
-373.4255213323719
-373.42824479087597
-373.4556298836837
-373.4511244948545
-373.42262861603814
-373.4130695982029
-373.42127062742327
-373.43732827678207
-373.4401983446825
-373.4349205071833
-373.44063062493586
-373.40513421349175
-373.41765240633083
-373.4105819922922
-373.4292285353837
-373.4063418005723
-373.4225348018218
-373.4375980734532
-373.4185745873582
-373.3961118910561
-373.37574247654874
-373.4075247337204
-373.40868683457916
-373.43639768455705
-373.4184689602075
-373.3752110731047
-373.3659881172676
-373.3807976776091
-373.4238989815297
-373.3946233623219
-373.3962085416845
-373.39777173553784
-373.39285612976124
-373.3947002022997
-373.3743463056647
-373.40889919980845
-373.37205536715305
-373.39853605708413
-373.40866157052517
-373.42585421269445
-373.39252502896596
-373.367140103585
-373.3947058977019
-373.4041391420415
-373.4199526998499
-373.4100879774017
-373.39981675785765
-373.39712965217456
-373.3918972487688
-373.42292073059497
-373.40085613781355
-373.412029413448
-373.41328190287004
-373.4328124738237
-373.41683908067114
-373.388630899836
-373.3963803819834
-373.3879475216765
-373.41915696167405
-373.427844184427
-373.45076906887806
-373.4104463465963
-373.3872823862035
-373.4032902326899
-373.4300752837264
-373.4417218316449
-373.4223120935022
-373.4147882097544
-373.40446854096626
-373.39276550079694
-373.4186518490409
-373.4117153286692
-373.43453689386376
-373.4147550931137
-373.44444335628583
-373.4131859252704
-373.39404975051133
-373.39326483446956
-373.41794551175076
-373.44609297509624
-373.4289832844259
-373.42374978563754
-373.39089756804725
-373.37246237050556
-373.39268305549996
-373.42711957926304
-373.4564103662565
-373.40898012304933
-373.39969530945876
-373.3814053895123
-373.3889349914518
-373.3946367667977
-373.40926280842535
-373.4229561671661
-373.3947575941131
-373.40736070039776
-373.38375346164213
-373.37595808605937
-373.3585198734818
-373.4039126113537
-373.4338850489961
-373.4067390054228
-373.3919750843413
-373.3586175210461
-373.35985288588665
-373.38063808275257
-373.41824625128515
-373.44723247791075
-373.39297097524144
-373.3926729002999
-373.37889571992736
-373.404703362111
-373.38503972153705
-373.39532345907304
-373.41534716156315
-373.4177389572319
-373.4325905283586
-373.416790381192
-373.4126833523127
-373.3948475250842
-373.4191501500551
-373.4471232107699
-373.4409463385111
-373.4231734277208
-373.40481155790303
-373.4137117715458
-373.41466599078046
-373.4286291632267
-373.44697473875095
-373.4351016606715
-373.43352858363636
-373.4173173895658
-373.43690576877646
-373.40524356230696
-373.41657122816406
-373.42376100230183
-373.44632623660317
-373.43448728747563
-373.40885544527106
-373.3935700468307
-373.3718185160141
-373.3876131947474
-373.4297066335754
-373.4330820040072
-373.4138331294563
-373.3389673620753
-373.3755754580203
-373.35725768563714
-373.40343894748054
-373.39660858134016
-373.4136849377094
-373.3750614874978
-373.348161088978
-373.36728059543907
-373.37058289616726
-373.37503917712064
-373.40338232785746
-373.4285867732225
-373.42081127638215
-373.35245958513184
-373.3563016063195
-373.36959676638025
-373.4244745543776
-373.44004996961064
-373.4466183870624
-373.3997478522662
-373.3566727630849
-373.38626342894406
-373.4013313475493
-373.4330329379378
-373.40678682949704
-373.42779087174114
-373.4093835716851
-373.4002857815169
-373.40414518086885
-373.412890497474
-373.42749597336723
-373.4224500105178
-373.4365262061474
-373.4258266964593
-373.38891640720266
-373.3868233743341
-373.38967660990374
-373.4328980545199
-373.4314348157671
-373.4473326766301
-373.4162117316365
-373.3974934290738
-373.39711535711496
-373.41836366586574
-373.4346163537854
-373.41287403121737
-373.4246774230085
-373.41706000939445
-373.40540680932554
-373.37998357127276
-373.3805780262255
-373.40476151333024
-373.40672499130636
-373.43170404564574
-373.4216719035538
-373.370915156621
-373.32308743269897
-373.3288988887456
-373.41897208443805
-373.40213293635
-373.417056394629
-373.3361928992223
-373.3541237114449
-373.3194407136308
-373.3800979265583
-373.38836983069973
-373.3870580220013
-373.38905092547884
-373.4021298032389
-373.3789767308749
-373.36126380146004
-373.3434094968483
-373.42451302089194
-373.41195153056424
-373.44173979692806
-373.3936142983282
-373.39773077873696
-373.3507953284308
-373.38251020957256
-373.4211552185243
-373.44239075195566
-373.418304409972
-373.39401401401165
-373.3911397076695
-373.39154327216625
-373.4088317219761
-373.43060690660553
-373.42284857171796
-373.42223320202265
-373.4097937780832
-373.413703469418
-373.37775175420717
-373.3740453241827
-373.4120163374542
-373.4328971139502
-373.4434762243007
-373.40565256885594
-373.41054679511814
-373.3712402591552
-373.39543153709496
-373.4169334839068
-373.44638328035495
-373.4171780904499
-373.389068715798
-373.3940529194667
-373.3978958531454
-373.3937330289616
-373.40865283103665
-373.40963986081135
-373.4349287206126
-373.40567283214807
-373.421874375117
-373.36266099186497
-373.3586038931991
-373.3841243021674
-373.43377831999794
-373.43536224605816
-373.37920982919053
-373.36618034865614
-373.3355849497806
-373.3509189820633
-373.3666571310688
-373.42384297108146
-373.402360092091
-373.3600525113506
-373.34331032992213
-373.35533186320396
-373.3673648962729
-373.3661902142748
-373.38999679715164
-373.4210965053655
-373.38089885085475
-373.38852184135703
-373.3411436452905
-373.38395510381184
-373.3803816765809
-373.44949159964074
-373.4279522136867
-373.3980334688518
-373.3736008324005
-373.39788918863064
-373.4205761725749
-373.4363300815037
-373.43461117664367
-373.43536905248385
-373.393683642823
-373.40828318143423
-373.40003335591143
-373.4267105439862
-373.39782396692186
-373.4241613449732
-373.4302892179003
-373.436688145146
-373.41344292525736
-373.40048974167877
-373.4085953697499
-373.41160906393014
-373.43132338828764
-373.4248984711678
-373.40276807155703
-373.38169540399633
-373.39048156270877
-373.41903309236574
-373.4091283864106
-373.41927693145334
-373.4139890960453
-373.4077246684265
-373.39403434399645
-373.3828611797308
-373.40553294588904
-373.3661684911833
-373.4045235811635
-373.41088354284096
-373.4321080512012
-373.37653092669353
-373.3503829637219
-373.36456308899903
-373.38046511813025
-373.4217899900841
-373.4173140111098
-373.3918505866943
-373.35895599958894
-373.3444762851475
-373.39124267825446
-373.3841348316065
-373.39475514953193
-373.3897761953364
-373.41760584440533
-373.38328962805167
-373.3675860570244
-373.3725495183473
-373.3818261721783
-373.4072253784583
-373.4227845674416
-373.4481237837518
-373.3987291735091
-373.3760775607062
-373.3934239224792
-373.4382300877505
-373.4533976294764
-373.4363732620609
-373.4235686101307
-373.4035085929917
-373.39839763427057
-373.42645807406916
-373.42581333145444
-373.4396206580194
-373.4181013798458
-373.44272280624284
-373.4179454571936
-373.4183177587447
-373.41435936417884
-373.43530494204964
-373.4365394635035
-373.4314866219275
-373.4294515732261
-373.4078918995012
-373.3916751278524
-373.4118723697292
-373.43925673530225
-373.4510132644049
-373.409861690707
-373.4065871264482
-373.39322796179164
-373.40793960128275
-373.41141596533106
-373.4238437275046
-373.4057363107782
-373.37676336230663
-373.3987748967734
-373.40044701689675
-373.39596863823294
-373.36533537374856
-373.39031014356317
-373.4023216738118
-373.3900764757159
-373.3944757410171
-373.37063799314404
-373.3669784866264
-373.3589306943206
-373.3944394243255
-373.4144080797683
-373.37762564915744
-373.38565331520937
-373.37229459242707
-373.3998745096358
-373.3748839169631
-373.3902656192388
-373.3914616958412
-373.4013169411826
-373.4231675593073
-373.42162193111966
-373.40626993103587
-373.3791848335216
-373.4037720392921
-373.4389358317783
-373.4436686993721
-373.43607329730736
-373.4102393069689
-373.41188502911234
-373.4008777480581
-373.4227295008429
-373.44155559076916
-373.432846740465
-373.42664109826205
-373.41524934078234
-373.43903457696035
-373.4073931600215
-373.4214060885068
-373.4166850692213
-373.4465817505328
-373.4273285154299
-373.4206839680763
-373.4030946828451
-373.3822789506149
-373.39654089061816
-373.433850375691
-373.4478024616598
-373.43191300364316
-373.3871990232384
-373.407748542191
-373.38816416035473
-373.4213440313246
-373.411290733326
-373.41852505621495
-373.38779051142416
-373.39071236241466
-373.41119186298783
-373.407384975916
-373.3987638835452
-373.4013829108435
-373.41668101418514
-373.4022484562654
-373.380950149596
-373.3843820586434
-373.37990536871797
-373.4041092682419
-373.417752004601
-373.43223700904747
-373.38223340343984
-373.3555414844523
-373.39129906308324
-373.4015557091642
-373.41658478416645
-373.3739201339066
-373.4057140785904
-373.3778034515849
-373.4023537529531
-373.40267397304274
-373.4184169378072
-373.39563185111615
-373.39182199347084
-373.41543227491337
-373.42984122372525
-373.41218313914896
-373.41307245323765
-373.4005359946546
-373.42708036208336
-373.4175092207892
-373.44567986864797
-373.42547665931363
-373.42446587969914
-373.4243807282933
-373.4410645182598
-373.4402250034041
-373.42421304348346
-373.4349054180201
-373.43844086319183
-373.44064096878355
-373.42951897935154
-373.42995255346085
-373.4229176108996
-373.423148057584
-373.44238982281416
-373.4545944904446
-373.44134884112106
-373.4153308665766
-373.4082652223588
-373.4281097059243
-373.41311489235807
-373.4413615250241
-373.4102797294497
-373.41879237589404
-373.389649221512
-373.42541928617436
-373.41362578213284
-373.3902536018786
-373.3866259568314
-373.4139282033786
-373.4187320489574
-373.3941948379719
-373.3659658142048
-373.39559536351743
-373.37579577344906
-373.419910308813
-373.40758714141674
-373.42518699519036
-373.36397963870525
-373.3784843765685
-373.3945690333996
-373.4118988944535
-373.4003252373113
-373.3870921423849
-373.3973388402451
-373.3915347511269
-373.4152466105317
-373.40823871655044
-373.3999287960308
-373.3962925774385
-373.4194865919936
-373.4327504763711
-373.40758856946564
-373.39152259387413
-373.40015745612226
-373.4056351288082
-373.4240813943867
-373.41237241544655
-373.4405313524257
-373.4010480530931
-373.41870787340434
-373.41419045330395
-373.4391966126804
-373.41742983517724
-373.415406498084
-373.42543629311064
-373.43002488284634
-373.42296234085546
-373.4208960706101
-373.4089278108741
-373.4217521862127
-373.42430524451817
-373.4615274026103
-373.4290613019805
-373.4192065622931
-373.39803242961983
-373.42887234318675
-373.4240939292636
-373.4233427785412
-373.4214226232444
-373.4115605669921
-373.4053036553266
-373.40014096195006
-373.42172339107674
-373.4110489064026
-373.39000736781844
-373.4007784330187
-373.4056034054716
-373.4036589452255
-373.35796121824916
-373.37026487176115
