-373.3875571302845
-373.4141776594528
-373.3962551989994
-373.37760946263006
-373.3419502057334
-373.36517946321794
-373.319644677559
-373.3247465961594
-373.36474161106315
-373.3983835562828
-373.39296802225607
-373.3207620234671
-373.3253598882036
-373.2624190753305
-373.31765303981723
-373.3670493411338
-373.40598743299927
-373.32591396945827
-373.24767653912994
-373.2524627629367
-373.2725356511428
-373.29310742526167
-373.29634876728784
-373.3345827249933
-373.3245577740941
-373.2787812684617
-373.2965347029077
-373.1754558688751
-373.2656094998202
-373.3347966652998
-373.40324709686143
-373.2995064189037
-373.15571485889035
-373.22605117044094
-373.1812965769217
-373.3053709482411
-373.34113744137744
-373.3613967366671
-373.22200544850466
-373.12314700484103
-373.25788266068224
-373.328729147693
-373.34769198861096
-373.26870839912937
-373.18963895678445
-373.186659299767
-373.1937784597604
-373.308186656389
-373.25518258474085
-373.3340211265407
-373.3028887249545
-373.34488181287475
-373.2223093511254
-373.25558121709685
-373.310831876535
-373.3553862793556
-373.3232403051316
-373.2938850588282
-373.3002349846838
-373.2682609308666
-373.27196755170195
-373.3784829837001
-373.3817905810103
-373.3980680757894
-373.3183649404521
-373.3550903681947
-373.32189282206775
-373.34358961016005
-373.369505032202
-373.3567903666755
-373.36855519856965
-373.35166502162394
-373.3852751196472
-373.32620684930754
-373.30339455210185
-373.354292658884
-373.39060466093673
-373.39709145126835
-373.33401949513996
-373.34651029186176
-373.2875738593206
-373.29352759128176
-373.3592126738722
-373.37750337327384
-373.3517209864592
-373.2314569860571
-373.26402198778396
-373.239922650753
-373.2908058777845
-373.2617887029043
-373.338099732484
-373.3420095804299
-373.3068538374966
-373.2711518556315
-373.1549134727905
-373.2514535160499
-373.325961320964
-373.3383937345088
-373.23757577004596
-373.14800433600243
-373.2649314630406
-373.25112512482997
-373.330063307694
-373.3601311519415
-373.3131256212908
-373.24062233361667
-373.15550296371435
-373.3627890503499
-373.3411751073965
-373.318058237983
-373.2310641032695
-373.26110047034626
-373.27002487569774
-373.30875206379955
-373.29230343552115
-373.26878805944597
-373.2498478469581
-373.32702429530036
-373.33079902809993
-373.2877635654743
-373.2260017607334
-373.3302662721798
-373.29531487035666
-373.3308182868138
-373.2884442885186
-373.3250351856267
-373.25788971445485
-373.26815418198044
-373.33336505086953
-373.3626744931994
-373.3343583158853
-373.30338930745376
-373.3560629913538
-373.3593241963101
-373.3124569461329
-373.3241101313389
-373.2713146822363
-373.3422137047589
-373.3238481826457
-373.3693674295253
-373.2893181591771
-373.23198280998895
-373.31996649117156
-373.3485211268436
-373.3705825622449
-373.28728471170257
-373.2646706187689
-373.1901603522861
-373.2425688814449
-373.297282534004
-373.29904772415716
-373.16297378408973
-373.14427788646015
-373.2175309974314
-373.28482433555257
-373.2490465330253
-373.21613573306365
-373.1558991107423
-373.25425454813035
-373.26207310091985
-373.3364404376647
-373.16195207367093
-373.2003948455767
-373.2070277351882
-373.24331816178506
-373.24421981049477
-373.25168406959097
-373.3168643276181
-373.27542884221805
-373.2771746534048
-373.3307268520748
-373.3104293844956
-373.3261065749081
-373.28959771416027
-373.3565968242851
-373.3072121608805
-373.2492795197351
-373.27508626821435
-373.301178798911
-373.3917461832631
-373.36891233336735
-373.3614375961665
-373.27177651160633
-373.3122813853892
-373.37211618341786
-373.39099905547965
-373.32311084819366
-373.2944866327488
-373.3125291730106
-373.30626927367314
-373.299290693958
-373.3404897477548
-373.34893417978367
-373.33270717828907
-373.2709664166031
-373.3562482172534
-373.2777471415571
-373.29942063539085
-373.25695051714297
-373.3586695129457
-373.3455407341725
-373.2850445412361
-373.2480175175235
-373.1727199543303
-373.2454097526161
-373.3002094648754
-373.3215343051107
-373.28741603961623
-373.1927296133881
-373.32328782007926
-373.30309276890387
-373.2825820415509
-373.3000711352136
-373.25962752729
-373.25115574985796
-373.17946689953067
-373.2810103967719
-373.26747399235705
-373.2451532704616
-373.26293916336584
-373.31207394308825
-373.29549484672464
-373.2500174695849
-373.24224266149855
-373.2973190058473
-373.3563518105132
-373.3742292974342
-373.2912473773973
-373.2275812185194
-373.23982245574416
-373.3466647316006
-373.3482688742615
-373.38859099397234
-373.3548620482001
-373.35782157077904
-373.3127234500173
-373.3362980511517
-373.403565951881
-373.3862785272157
-373.37389578874684
-373.3571565726492
-373.38972217025093
-373.35629385518905
-373.31128386815817
-373.3389297052888
-373.35476830396385
-373.3970265928837
-373.3820251760371
-373.34060103565804
-373.29824618111974
-373.28909111486433
-373.4085710527773
-373.3886144022123
-373.35100211227194
-373.26795374328
-373.2804620395387
-373.2303483063012
-373.24035601059927
-373.28321395299537
-373.33891158428764
-373.288374733836
-373.3044069648223
-373.3193543044863
-373.26319239879
-373.2070762665378
-373.26739400620943
-373.32397537529755
-373.34729248819457
-373.217486808271
-373.1942901280962
-373.1260733255673
-373.24018277114226
-373.34210989985485
-373.32614498401574
-373.24889473355887
-373.13354562876316
-373.2819959265905
-373.32903331973966
-373.3398458243946
-373.33182327746624
-373.21853113913454
-373.2090383387598
-373.19581420688803
-373.29927511627176
-373.34311179961685
-373.2963435563479
-373.35721824825043
-373.3064052285249
-373.3294165960639
-373.2286868245071
-373.3086127621766
-373.3332171864253
-373.40858145068603
-373.37263751485136
-373.3078815112281
-373.22201312371476
-373.2551268643885
-373.34881579809166
-373.3826332908772
-373.3792348810795
-373.3684319922629
-373.31502577184915
-373.31881485883486
-373.3304227036833
-373.42074211574715
-373.3800905647079
-373.3662595762159
-373.3494261839791
-373.3656266026444
-373.3533898972202
-373.32925481132446
-373.38146639946643
-373.3914243794063
-373.4225808622908
-373.3958222703175
-373.3538148347044
-373.3205709970913
-373.32385387169813
-373.4245457289453
-373.42459235440987
-373.39168894514836
-373.3349677529449
-373.3026588572683
-373.2952693154748
-373.25918156269205
-373.34506907323885
-373.3385202941362
-373.33237667238114
-373.2438793643167
-373.302387134705
-373.27163301263477
-373.2874361226781
-373.29160736643837
-373.3183674438812
-373.2702012857983
-373.1771020499129
-373.15331844540714
-373.1812533125789
-373.28297328001514
-373.40047014685314
-373.2972349910882
-373.22914322126644
-373.14129678137135
-373.2832068649953
-373.29301973568323
-373.34081633350655
-373.35032760495017
-373.24298862747065
-373.2227694598993
-373.17371057268014
-373.2565510708917
-373.29585287295913
-373.28862501241196
-373.32257427778086
-373.29896503357133
-373.2568974443592
-373.238120529483
-373.2681672731174
-373.3500485116523
-373.3534943593328
-373.36484042600495
-373.2519804810918
-373.2214464549104
-373.2409336745888
-373.3714396126068
-373.3692725851074
-373.38594626567004
-373.329982038841
-373.31071817131993
-373.29504111454304
-373.3333335486292
-373.4061474076236
-373.3909149793292
-373.3537514631002
-373.34357769546517
-373.33029635552896
-373.32254985472605
-373.2748812584214
-373.347082777799
-373.3780684866474
-373.41817545400545
-373.3679350797745
-373.2709015792363
-373.256712866397
-373.2879055531998
-373.4271411513673
-373.3760407454373
-373.28320780480226
-373.20035509641554
-373.1872619274025
-373.22247443628237
-373.25613990462017
-373.3359419729493
-373.30792164717866
-373.17735404925145
-373.19632784032893
-373.2343930886084
-373.3378883497507
-373.2567780897252
-373.2584420355685
-373.18345273893607
-373.2226671693158
-373.1513975444604
-373.19266465159376
-373.2332557326406
-373.32584389065795
-373.389085920358
-373.22453701542133
-373.171385618393
-373.21152002734755
-373.3234801557255
-373.3316665834077
-373.297589373234
-373.3202896793796
-373.20841315711345
-373.22497159444197
-373.26377305684076
-373.33071310610404
-373.36509199338394
-373.3061052121432
-373.36584087941696
-373.2933393516874
-373.3288966923778
-373.28977057531046
-373.3525979621328
-373.3673496388195
-373.3679417192518
-373.351343779897
-373.2574375421227
-373.2360838463496
-373.3058277354675
-373.3884160163072
-373.3978891583115
-373.32905079370573
-373.30936164393967
-373.2255238481609
-373.29263474589425
-373.3047528302796
-373.4307648690224
-373.30202524357577
-373.2406543353906
-373.1919309654364
-373.22527616764654
-373.2170361977069
-373.14049636194045
-373.24458613609863
-373.23252104532884
-373.25633884581794
-373.2864914672963
-373.01073674274073
-373.1953157772067
-373.19416139486094
-373.21354914542746
-373.0912526420397
-373.07921743944485
-373.2105372759028
-373.13829510223496
-373.2563188446409
-373.29545110375835
-373.3059816333205
-373.169818522106
-373.14717328019674
-373.2903756587937
-373.2975930651917
-373.2684467669353
-373.2834820112214
-373.27518945807924
-373.28408170367084
-373.2721291144734
-373.29292746793163
-373.2599988523116
-373.3599241740372
-373.3613337829535
-373.3787439523203
-373.23252559881035
-373.2875626923987
-373.3291817149513
-373.33600493763635
-373.3437677820966
-373.3352294400322
-373.29663683871945
-373.2479046769163
-373.3012048417574
-373.4020083292539
-373.33954654710243
-373.31750769897513
-373.26141286875736
-373.3359409295015
-373.33151516577306
-373.3522051783832
-373.3441348097646
-373.26078432223187
-373.2824659729445
-373.251992236609
-373.30886113920155
-373.2825908997404
-373.32426412504344
-373.34697748848646
-373.29767602081256
-373.22555928119294
-373.27371347066645
-373.32592703658634
-373.2884860434926
-373.214565400575
-373.2154334677757
-373.13930071535765
-373.1725602129543
-373.2362874634504
-373.3538210440396
-373.20338796309414
-373.1563437029368
-373.0918022687731
-373.2512172251954
-373.3443793198298
-373.3114959486856
-373.2006649423848
-373.0765406334177
-373.21802116472355
-373.308650744884
-373.32279512685506
-373.3595368749871
-373.30654927685936
-373.26418468182254
-373.2105568671668
-373.3168871870527
-373.3961307469462
-373.3368111483841
-373.35294919981493
-373.2948818410473
-373.3200710538999
-373.24417751929485
-373.28948727371727
-373.30918381747557
-373.35921744339964
-373.35197668693917
-373.34430447500523
-373.2630928450847
-373.2431269058502
-373.31345774999323
-373.37355307624455
-373.31977744409727
-373.28923225138226
-373.2693392808966
-373.2969025328676
-373.2304483229426
-373.31414053084103
-373.2815399053543
-373.3278817270592
-373.275242792165
-373.33328499700826
-373.30697830382985
-373.20471210848297
-373.2296299262896
-373.2640345271885
-373.3423213669234
-373.3270390941278
-373.22677210108134
-373.17263935986995
-373.10704391394523
-373.2932842202039
-373.3453845443668
-373.3154023900707
-373.2485135457393
-373.20723187770096
-373.2190376748728
-373.21324329625924
-373.33791461470963
-373.32676248922525
-373.21998106385985
-373.1422995536764
-373.23512457062844
-373.271477198532
-373.312963331104
-373.31868900590547
-373.3683026562409
-373.318128710716
-373.27713099949597
-373.28147632883497
-373.334722034664
-373.3520267968972
-373.4030822566872
-373.3454876180105
-373.30480614382753
-373.26647050261937
-373.3380771746391
-373.3855191048877
-373.37062413630423
-373.3837647469561
-373.3558914939322
-373.31994656698015
-373.299282714588
-373.3631836619487
-373.3885451208204
-373.34202366821296
-373.33931360305576
-373.3398930859994
-373.32145870716045
-373.2898094824828
-373.26619455928954
-373.35030001583556
-373.33552683993656
-373.418797305536
-373.321554356972
-373.27322036681755
-373.22009812672076
-373.3519086776492
-373.3513868727746
-373.3359071718486
-373.237725505528
-373.29136826681884
-373.2103444881386
-373.26125016405797
-373.2737120221804
-373.3488293622667
-373.2740708447336
-373.3148768240464
-373.2750307714531
-373.33397981327664
-373.20774698828257
-373.2827253551011
-373.27401189407294
-373.28860754644404
-373.2442789307277
-373.20113826399864
-373.20722944695626
-373.23210556303457
-373.3107496268585
-373.3922530975988
-373.24188362889527
-373.277825949618
-373.2354200124499
-373.32147713990014
-373.27205750686284
-373.30898654705993
-373.30526541117433
-373.20066166413494
-373.2494815103676
-373.2739311088085
-373.337366307746
-373.2626925562895
-373.2975428337041
-373.3311470567732
-373.3383301731795
-373.31635910887684
-373.3212470783518
-373.3128783676216
-373.3316105535794
-373.36804949550384
-373.34766166644187
-373.2987360554958
-373.30837193384605
-373.34248498129705
-373.4049190818228
-373.3578129858027
-373.39579001856816
-373.36518701098055
-373.36762861172195
-373.3527559701318
-373.38423472352076
-373.39517232617743
-373.34827828194875
-373.35910888345313
-373.36254138559883
-373.3589551799605
-373.3392526811996
-373.328539235713
-373.36888419908865
-373.36174134087577
-373.38848273221555
-373.3565484672092
-373.28149078926117
-373.2798762896868
-373.34424203515647
-373.4161438665489
-373.28790659668164
-373.258512143202
-373.2261924746458
-373.25874933763885
-373.23806049340317
-373.3349246863117
-373.32996975078555
-373.2785934415454
-373.20246032695803
-373.30813815249525
-373.3229624780827
-373.27917113802613
-373.25248967388995
-373.2568450279807
-373.21738293000925
-373.2606241168917
-373.1992436847216
-373.25417193091346
-373.22073929421106
-373.32853648316967
-373.32946104183816
-373.22928451036876
-373.2512007147727
-373.30450202441017
-373.35204737238496
-373.3030306095805
-373.28231739878106
-373.2884850885465
-373.22785436391683
-373.2809996472509
-373.3618930127407
-373.37003931628504
-373.33212396661327
-373.25414581785583
-373.35569185486355
-373.33143326071047
-373.3698363872864
-373.3214492488518
-373.33592959775615
-373.32539459577947
-373.36568879799535
-373.3339076777554
-373.2924798131153
-373.2883820113188
-373.3606915138331
-373.38349186269085
-373.34929364084303
-373.32688314585204
-373.34392770456515
-373.31071970709604
-373.3631199260429
-373.38190438034025
-373.4069163995532
-373.3084402527045
-373.3040908667821
-373.3135369248073
-373.32734122183365
-373.33200003235135
-373.3167858028146
-373.36411701646006
-373.335019812934
-373.3323835286423
-373.3059737301938
-373.2485248710845
-373.3080923544225
-373.34043458169026
-373.35775701639466
-373.19892553985477
-373.13582430141105
-373.22326229770744
-373.2291723731454
-373.3140268603445
-373.28345133323137
-373.2717345697468
-373.11083875784834
-373.2364961512954
-373.34759133919454
-373.3483974839073
-373.1631650754658
-373.1608819856499
-373.1802282667035
-373.2534466070103
-373.31470770500084
-373.3130034870643
-373.26552815470546
-373.2295668580534
-373.2607339963178
-373.3521234687134
-373.2593543841481
-373.33858755382465
-373.3319930388833
-373.340248283622
-373.28956616440286
-373.2683893490749
-373.31298315304133
-373.25886326878
-373.32805157678297
-373.3582984314506
-373.369891798953
-373.2694602206951
-373.25273525963024
-373.3345976041219
-373.3603562419799
-373.35772932355053
-373.33064800696076
-373.2941869893445
-373.2869762598959
-373.2860608208516
-373.33138378847207
-373.2715509898873
-373.328445553277
-373.3402159660988
-373.3838716233475
-373.2163726074865
-373.2636646697015
-373.255703009786
-373.3395932151003
-373.27512784508514
-373.31809060002206
-373.1884916630552
-372.9874744836726
-373.03471756593086
-373.22735819015986
-373.2946668483347
-373.3414516948484
-373.03973402248477
-373.0768093031661
-373.22120432083705
-373.3610582886864
-373.29125710265726
-373.1178708581027
-373.1680935958566
-373.17488242633505
-373.1977089410997
-373.2653305182025
-373.2962815934434
-373.34447074662
-373.22653209151633
-373.25330365277904
-373.2829795178184
-373.2763052283983
-373.29081758276504
-373.3078904464805
-373.3586176673996
-373.24774600285446
-373.21790626108265
-373.2334068850701
-373.3149569648919
-373.361649956993
-373.3707828386768
-373.3256364450166
-373.2368444565874
-373.2625316565218
-373.309490616366
-373.3578364482102
-373.30757200722536
-373.35664320073425
-373.3243620557664
-373.27787134892935
-373.2787764778433
-373.2928720897606
-373.3133573929499
-373.32366995603223
-373.36481519561687
-373.37715554476813
-373.22342503854856
-373.23108960857826
-373.21176446541654
-373.3880993251151
-373.31766968407305
-373.2488240227246
-373.1261440000401
-373.10251924030325
-373.1866776068883
-373.28055800146996
-373.2319044675807
-373.19075924061264
-373.1380975719003
-373.23675664174544
-373.17352853211105
-373.2707184261477
-373.23602599870986
-373.1395372103406
-373.07405038613206
-373.20302472953153
-373.29105174732894
-373.2387701086128
-373.22049836414607
-373.28628667285295
-373.31257660710673
-373.30408226361385
-373.3137153764557
-373.29116275526314
-373.26849958694186
-373.3369796354294
-373.33420744794785
-373.32883745733227
-373.2903884342454
-373.3662386866113
-373.3737324007828
-373.29200144754583
-373.3131918609485
-373.30585967286447
-373.394873304133
-373.3492274434131
-373.39268873236114
-373.33263118082095
-373.2615522263642
-373.2821726750951
-373.3262951410998
-373.3728770027213
-373.33531152269336
-373.2718121475412
-373.2874926879864
-373.2765249270102
-373.3417182396234
-373.30376657089755
-373.2773747188244
-373.210027172443
-373.29520776847863
-373.29434214040646
-373.2123050430916
-373.1749650133849
-373.229779014243
-373.24913497757416
-373.2249049599969
-373.2794263036046
-373.2749661550039
-373.16915116113177
-373.17717322856777
-373.2946412078564
-373.3776900875873
-373.2368139973935
-373.2100803493781
-373.1792390677146
-373.1843753048514
-373.2800487173199
-373.2729902092247
-373.35569507371343
-373.2689580332422
-373.3339692968544
-373.2844780885783
-373.26391074100115
-373.34065325398956
-373.3909209062325
-373.3831879377056
-373.2808961090615
-373.29953467819473
-373.319680439091
-373.33786363589917
-373.3794949541058
-373.4043957247803
-373.3914666359803
-373.2735591866162
-373.3173735303182
-373.39087362376944
-373.4334198104244
-373.3800201371137
-373.34107792142004
-373.32173563932645
-373.27592092667726
-373.3382902473862
-373.3441199922848
-373.36983240137397
-373.3277917277168
-373.36883002149216
-373.3555694608227
-373.24081051855893
-373.2541869412429
-373.3243083720979
-373.3697435415557
-373.32770757476027
-373.30688550677155
-373.29478693909994
-373.1530513073494
-373.21448720802744
-373.25774938581026
-373.3749865408306
-373.2849207111835
-373.2319171423764
-373.21470999253955
-373.23499431134326
-373.3001177280765
-373.2836178837131
-373.28117349514855
-373.2597782470291
-373.26978539876376
-373.26534513573824
-373.1881981616912
-373.2268437072633
-373.31205035631257
-373.39457814111154
-373.3046428701358
-373.2702971594395
-373.1953334766183
-373.2123349034994
-373.33093095301916
-373.37192006521667
-373.37673524243803
-373.1546510411812
-373.1829691895548
-373.2151094238537
-373.30464006295074
-373.35149614365474
-373.3252042304229
-373.29316184475846
-373.20642571479925
-373.33108235766775
-373.3903429439104
-373.3554166505928
-373.35721977326796
-373.342096586919
-373.35319706165484
-373.29452767368343
-373.34594226150193
-373.3883901744545
-373.4110567988861
-373.4059028456955
-373.3889023641529
-373.3869625357689
-373.3066723054912
-373.3526155302299
-373.4061353089763
-373.4416726341274
-373.3871037146179
-373.346419460347
